.1064340E-01 .7421608E-01 .1162911E-02 .2899960E-02 .1651226E-01 .1459846E+00 .6439974E+00
.1739829E-03 .2672873E-03 .6216853E-03 .2689912E-02 .1650623E-01 .1459668E+00 .6439139E+00
.5568114E-02 .8748423E-02 .1594008E-01 .3095049E-01 .7474357E-01 .2577848E+00 .6052211E+00
.1541175E-01 .1041559E+00 .3038820E-02 .9998595E-02 .5545896E-01 .3712391E+00 .1361991E+01
.6445438E-03 .9817980E-03 .2270428E-02 .9695099E-02 .5544986E-01 .3712132E+00 .1361850E+01
.1069317E-01 .1683918E-01 .3061689E-01 .5944247E-01 .1452767E+00 .4685698E+00 .7261304E+00
.2351210E-01 .1476877E+00 .9273541E-02 .3406991E-01 .1602308E+00 .8376468E+00 .2403183E+01
.2388458E-02 .3569272E-02 .8164412E-02 .3362141E-01 .1602168E+00 .8376038E+00 .2402974E+01
.2051433E-01 .3246260E-01 .5883646E-01 .1148006E+00 .2910198E+00 .6597323E+00 .8088419E+00
.3976423E-01 .2129888E+00 .2986878E-01 .1056025E+00 .3960363E+00 .1637019E+01 .3431786E+01
.8834974E-02 .1263246E-01 .2823464E-01 .1049297E+00 .3960153E+00 .1636954E+01 .3431518E+01
.3932252E-01 .6287262E-01 .1136633E+00 .2267426E+00 .5384939E+00 .7653025E+00 .8442379E+00
.7906692E-01 .3136339E+00 .9052333E-01 .2692173E+00 .9050950E+00 .2676582E+01 .3569248E+01
.3227392E-01 .4165264E-01 .8808890E-01 .2682058E+00 .9050626E+00 .2676491E+01 .3568847E+01
.7554904E-01 .1233343E+00 .2241014E+00 .4532681E+00 .7006064E+00 .8311666E+00 .8263168E+00
.1840835E+00 .4642887E+00 .2284083E+00 .6509127E+00 .1752687E+01 .3455445E+01 .2649325E+01
.1112442E+00 .1155380E+00 .2247698E+00 .6493093E+00 .1752636E+01 .3455316E+01 .2648746E+01
.1476694E+00 .2482916E+00 .4482629E+00 .6718715E+00 .7917731E+00 .8511308E+00 .7464127E+00
.4368004E+00 .6643368E+00 .5459244E+00 .1338575E+01 .2862828E+01 .3221220E+01 .2087702E+01
.3208182E+00 .2421562E+00 .5402537E+00 .1336231E+01 .2862758E+01 .3221038E+01 .2086887E+01
.3036748E+00 .4886051E+00 .6777770E+00 .7704714E+00 .8472272E+00 .8107124E+00 .7304170E+00
.9597806E+00 .9171423E+00 .1134674E+01 .2364415E+01 .3672534E+01 .2472590E+01 .2418870E+01
.7782177E+00 .4386616E+00 .1126402E+01 .2361014E+01 .3672432E+01 .2472330E+01 .2417723E+01
.5545269E+00 .6979639E+00 .7755994E+00 .8395262E+00 .8635224E+00 .7550683E+00 .8195903E+00
.1784653E+01 .1223691E+01 .2056441E+01 .3444126E+01 .3177270E+01 .2200849E+01 .2174884E+01
.1531895E+01 .7070535E+00 .2044577E+01 .3439239E+01 .3177124E+01 .2200473E+01 .2173255E+01
.6922866E+00 .8038750E+00 .8464212E+00 .8702765E+00 .8178687E+00 .7590025E+00 .8154032E+00
.2732596E+01 .1607850E+01 .3145070E+01 .3634155E+01 .2125975E+01 .2350252E+01 .2144708E+01
.2404976E+01 .1068246E+01 .3128090E+01 .3627276E+01 .2125767E+01 .2349722E+01 .2142480E+01
.7772064E+00 .8677416E+00 .8821509E+00 .8595829E+00 .7295611E+00 .8227463E+00 .8278643E+00
.3375130E+01 .2095781E+01 .3656012E+01 .2402554E+01 .2374162E+01 .2164615E+01 .2131422E+01
.2963935E+01 .1544704E+01 .3632116E+01 .2392876E+01 .2373865E+01 .2163867E+01 .2128408E+01
.8100355E+00 .9048458E+00 .8841023E+00 .7629610E+00 .7889868E+00 .8380582E+00 .8530297E+00
.3218466E+01 .2560151E+01 .2745518E+01 .2161942E+01 .2305054E+01 .2185489E+01 .2171208E+01
.2729096E+01 .1999987E+01 .2712165E+01 .2148393E+01 .2304633E+01 .2184457E+01 .2167092E+01
.7949336E+00 .9245768E+00 .8211673E+00 .7585647E+00 .8307271E+00 .8439747E+00 .8559829E+00
.2534581E+01 .2582766E+01 .2042427E+01 .2330202E+01 .2223393E+01 .2138345E+01 .2062654E+01
.1971899E+01 .2010988E+01 .1996119E+01 .2311499E+01 .2222801E+01 .2136918E+01 .2057257E+01
.7655299E+00 .9247651E+00 .7707159E+00 .8248990E+00 .8466201E+00 .8576367E+00 .8573249E+00
.2284814E+01 .2186719E+01 .2390094E+01 .2203157E+01 .2148983E+01 .2109313E+01 .2078306E+01
.1653197E+01 .1598132E+01 .2326557E+01 .2178285E+01 .2148150E+01 .2107378E+01 .2071243E+01
.8013306E+00 .9003543E+00 .8358245E+00 .8508034E+00 .8529109E+00 .8637441E+00 .8707217E+00
.2367038E+01 .2249002E+01 .2251502E+01 .2148832E+01 .2125918E+01 .2090396E+01 .2060629E+01
.1669206E+01 .1638961E+01 .2166788E+01 .2114191E+01 .2124695E+01 .2087798E+01 .2051641E+01
.8707494E+00 .9138667E+00 .8645319E+00 .8518396E+00 .8664068E+00 .8697368E+00 .8711392E+00
.2231041E+01 .2138349E+01 .2213071E+01 .2138475E+01 .2099181E+01 .2070464E+01 .2064343E+01
.1477674E+01 .1503284E+01 .2103441E+01 .2092948E+01 .2097652E+01 .2067046E+01 .2053210E+01
.8953090E+00 .9214572E+00 .8775914E+00 .8696788E+00 .8708958E+00 .8746898E+00 .8744986E+00
.2199759E+01 .2119817E+01 .2138543E+01 .2109623E+01 .2085563E+01 .2058105E+01 .2047529E+01
.1387776E+01 .1458784E+01 .1996763E+01 .2052167E+01 .2083467E+01 .2053679E+01 .2034397E+01
.9142631E+00 .9344217E+00 .8866923E+00 .8774661E+00 .8747905E+00 .8790833E+00 .8771475E+00
.2155383E+01 .2115856E+01 .2111935E+01 .2089256E+01 .2069663E+01 .2043355E+01 .2027816E+01
.1289696E+01 .1427603E+01 .1927097E+01 .2012939E+01 .2066824E+01 .2037780E+01 .2012954E+01
.9307848E+00 .9401546E+00 .8964992E+00 .8847908E+00 .8791966E+00 .8817974E+00 .8802560E+00
.2126425E+01 .2097261E+01 .2093892E+01 .2069983E+01 .2052956E+01 .2036313E+01 .2022318E+01
.1220359E+01 .1380421E+01 .1857612E+01 .1969308E+01 .2049088E+01 .2029529E+01 .2006255E+01
.9432444E+00 .9456519E+00 .9061244E+00 .8915780E+00 .8832923E+00 .8844389E+00 .8818294E+00
.2102272E+01 .2076187E+01 .2074150E+01 .2055443E+01 .2042907E+01 .2026658E+01 .2014471E+01
.1168683E+01 .1329203E+01 .1774176E+01 .1923253E+01 .2037716E+01 .2018663E+01 .1997649E+01
.9514998E+00 .9507648E+00 .9153938E+00 .8969287E+00 .8863161E+00 .8858994E+00 .8819965E+00
.1060414E-01 .7375544E-01 .1184969E-02 .2942151E-02 .1669111E-01 .1479521E+00 .6508976E+00
.1740552E-03 .2669146E-03 .6281867E-03 .2714825E-02 .1666751E-01 .1478091E+00 .6502097E+00
.5564278E-02 .8693890E-02 .1586033E-01 .3081539E-01 .7440285E-01 .2563183E+00 .6038548E+00
.1535597E-01 .1035230E+00 .3085855E-02 .1012082E-01 .5612056E-01 .3761126E+00 .1374328E+01
.6448096E-03 .9805343E-03 .2295083E-02 .9791784E-02 .5608405E-01 .3758992E+00 .1373166E+01
.1068572E-01 .1673196E-01 .3045805E-01 .5916383E-01 .1445068E+00 .4666557E+00 .7274334E+00
.2343132E-01 .1468331E+00 .9401730E-02 .3449039E-01 .1624881E+00 .8478904E+00 .2416353E+01
.2389433E-02 .3565581E-02 .8259444E-02 .3400249E-01 .1624304E+00 .8475321E+00 .2414607E+01
.2049973E-01 .3224762E-01 .5851023E-01 .1141919E+00 .2891970E+00 .6596766E+00 .8080653E+00
.3964383E-01 .2118950E+00 .3029112E-01 .1071000E+00 .4016884E+00 .1652075E+01 .3426450E+01
.8838587E-02 .1262718E-01 .2860565E-01 .1063640E+00 .4016008E+00 .1651526E+01 .3424115E+01
.3929341E-01 .6242575E-01 .1129562E+00 .2253062E+00 .5360897E+00 .7657949E+00 .8427835E+00
.7888243E-01 .3124657E+00 .9199531E-01 .2735417E+00 .9166098E+00 .2685831E+01 .3544266E+01
.3228831E-01 .4169809E-01 .8947829E-01 .2724320E+00 .9164743E+00 .2685066E+01 .3540856E+01
.7548906E-01 .1223464E+00 .2224508E+00 .4503124E+00 .7017768E+00 .8301294E+00 .8237833E+00
.1838301E+00 .4638334E+00 .2326877E+00 .6599152E+00 .1771315E+01 .3440520E+01 .2647633E+01
.1113200E+00 .1160622E+00 .2289205E+00 .6581657E+00 .1771086E+01 .3439436E+01 .2642763E+01
.1475370E+00 .2459299E+00 .4447626E+00 .6714433E+00 .7919185E+00 .8489983E+00 .7455175E+00
.4368126E+00 .6662812E+00 .5548888E+00 .1357215E+01 .2872832E+01 .3203817E+01 .2111082E+01
.3213213E+00 .2446158E+00 .5490270E+00 .1354608E+01 .2872523E+01 .3202253E+01 .2104172E+01
.3033237E+00 .4835735E+00 .6767928E+00 .7728562E+00 .8458705E+00 .8089186E+00 .7332311E+00
.9611377E+00 .9229464E+00 .1153473E+01 .2381505E+01 .3649740E+01 .2477512E+01 .2396139E+01
.7802309E+00 .4448130E+00 .1144852E+01 .2377749E+01 .3649293E+01 .2475312E+01 .2386929E+01
.5536619E+00 .6956417E+00 .7788095E+00 .8373933E+00 .8613104E+00 .7545942E+00 .8149603E+00
.1788969E+01 .1236946E+01 .2077466E+01 .3437670E+01 .3150316E+01 .2218345E+01 .2188360E+01
.1537039E+01 .7199878E+00 .2065141E+01 .3432269E+01 .3149668E+01 .2215262E+01 .2175789E+01
.6926915E+00 .8063184E+00 .8439342E+00 .8687821E+00 .8145703E+00 .7594694E+00 .8131136E+00
.2739992E+01 .1625190E+01 .3147434E+01 .3591080E+01 .2163324E+01 .2338907E+01 .2171255E+01
.2412860E+01 .1084975E+01 .3129776E+01 .3583465E+01 .2162392E+01 .2334605E+01 .2154416E+01
.7776300E+00 .8654618E+00 .8809072E+00 .8563759E+00 .7323383E+00 .8190806E+00 .8259961E+00
.3375521E+01 .2109870E+01 .3614352E+01 .2419229E+01 .2353772E+01 .2185983E+01 .2177740E+01
.2964884E+01 .1558024E+01 .3589496E+01 .2408474E+01 .2352453E+01 .2180074E+01 .2154948E+01
.8095201E+00 .9031018E+00 .8808785E+00 .7634160E+00 .7856045E+00 .8362644E+00 .8537702E+00
.3208405E+01 .2551908E+01 .2735784E+01 .2170668E+01 .2285294E+01 .2189299E+01 .2191747E+01
.2719355E+01 .1990719E+01 .2700999E+01 .2155602E+01 .2283439E+01 .2181306E+01 .2162535E+01
.7938257E+00 .9226958E+00 .8189132E+00 .7580450E+00 .8264445E+00 .8400661E+00 .8532923E+00
.2533509E+01 .2559586E+01 .2083662E+01 .2345698E+01 .2197271E+01 .2152405E+01 .2108800E+01
.1970990E+01 .1986527E+01 .2035389E+01 .2324878E+01 .2194677E+01 .2141654E+01 .2071724E+01
.7654794E+00 .9221878E+00 .7719009E+00 .8232626E+00 .8408914E+00 .8537234E+00 .8567448E+00
.2291656E+01 .2211918E+01 .2374689E+01 .2217856E+01 .2157044E+01 .2108624E+01 .2085761E+01
.1659950E+01 .1621701E+01 .2308446E+01 .2190055E+01 .2153435E+01 .2094549E+01 .2040650E+01
.8023474E+00 .9006845E+00 .8312569E+00 .8482123E+00 .8485911E+00 .8583555E+00 .8673012E+00
.2361158E+01 .2224743E+01 .2235087E+01 .2178864E+01 .2121270E+01 .2086969E+01 .2056419E+01
.1663048E+01 .1612696E+01 .2146695E+01 .2140192E+01 .2116213E+01 .2068810E+01 .2002958E+01
.8699691E+00 .9099723E+00 .8593412E+00 .8491012E+00 .8604930E+00 .8645104E+00 .8677168E+00
.2234119E+01 .2144262E+01 .2212837E+01 .2144917E+01 .2101164E+01 .2071389E+01 .2043463E+01
.1480334E+01 .1506822E+01 .2098280E+01 .2093928E+01 .2094386E+01 .2048605E+01 .1983368E+01
.8950776E+00 .9189335E+00 .8725242E+00 .8645392E+00 .8650872E+00 .8700763E+00 .8704618E+00
.2200349E+01 .2124960E+01 .2128839E+01 .2116301E+01 .2086304E+01 .2054659E+01 .2044355E+01
.1388015E+01 .1461078E+01 .1980587E+01 .2051488E+01 .2077032E+01 .2027006E+01 .1979649E+01
.9135587E+00 .9317998E+00 .8803568E+00 .8722681E+00 .8692052E+00 .8750903E+00 .8748691E+00
.2159315E+01 .2112884E+01 .2109516E+01 .2087853E+01 .2068281E+01 .2042337E+01 .2024834E+01
.1293029E+01 .1421368E+01 .1916401E+01 .2001853E+01 .2055751E+01 .2009891E+01 .1957359E+01
.9307065E+00 .9375555E+00 .8909402E+00 .8792914E+00 .8741073E+00 .8789057E+00 .8779449E+00
.2127725E+01 .2092037E+01 .2089380E+01 .2073599E+01 .2054929E+01 .2037059E+01 .2019847E+01
.1221145E+01 .1371575E+01 .1842622E+01 .1960304E+01 .2038302E+01 .1999771E+01 .1951046E+01
.9431156E+00 .9435927E+00 .9018394E+00 .8874958E+00 .8798851E+00 .8821110E+00 .8796059E+00
.2102900E+01 .2073350E+01 .2070561E+01 .2060897E+01 .2042287E+01 .2030328E+01 .2016815E+01
.1168951E+01 .1322528E+01 .1758583E+01 .1913122E+01 .2020643E+01 .1988482E+01 .1947795E+01
.9514021E+00 .9497486E+00 .9118982E+00 .8942123E+00 .8835461E+00 .8837090E+00 .8800748E+00
.1056137E-01 .7325383E-01 .1209016E-02 .2988181E-02 .1688600E-01 .1500844E+00 .6584910E+00
.1741345E-03 .2665528E-03 .6352980E-03 .2742033E-02 .1684323E-01 .1498034E+00 .6571217E+00
.5560347E-02 .8638175E-02 .1577911E-01 .3067764E-01 .7405581E-01 .2548399E+00 .6024009E+00
.1529522E-01 .1028334E+00 .3137189E-02 .1025415E-01 .5683975E-01 .3814675E+00 .1387860E+01
.6451012E-03 .9793179E-03 .2322037E-02 .9897259E-02 .5677327E-01 .3810420E+00 .1385561E+01
.1067808E-01 .1662243E-01 .3029634E-01 .5887996E-01 .1437252E+00 .4646925E+00 .7283674E+00
.2334344E-01 .1459014E+00 .9541690E-02 .3494836E-01 .1649344E+00 .8592070E+00 .2430288E+01
.2390505E-02 .3562123E-02 .8363242E-02 .3441741E-01 .1648287E+00 .8584907E+00 .2426837E+01
.2048477E-01 .3202809E-01 .5817840E-01 .1135732E+00 .2873602E+00 .6593132E+00 .8070779E+00
.3951310E-01 .2107004E+00 .3075180E-01 .1087262E+00 .4078888E+00 .1668618E+01 .3420084E+01
.8842564E-02 .1262324E-01 .2901024E-01 .1079211E+00 .4077268E+00 .1667533E+01 .3415392E+01
.3926358E-01 .6196978E-01 .1122385E+00 .2238540E+00 .5336353E+00 .7660203E+00 .8408718E+00
.7868299E-01 .3111834E+00 .9359744E-01 .2782409E+00 .9295030E+00 .2695430E+01 .3516365E+01
.3230417E-01 .4175230E-01 .9098981E-01 .2770222E+00 .9292491E+00 .2693922E+01 .3509614E+01
.7542759E-01 .1213401E+00 .2207836E+00 .4473425E+00 .7025155E+00 .8287217E+00 .8214035E+00
.1835582E+00 .4633104E+00 .2373477E+00 .6700178E+00 .1791314E+01 .3423996E+01 .2649201E+01
.1114030E+00 .1166384E+00 .2334375E+00 .6681007E+00 .1790888E+01 .3421818E+01 .2639860E+01
.1474013E+00 .2435314E+00 .4412476E+00 .6707657E+00 .7917412E+00 .8465449E+00 .7433723E+00
.4368188E+00 .6683706E+00 .5649632E+00 .1377540E+01 .2882617E+01 .3185837E+01 .2132309E+01
.3218589E+00 .2472987E+00 .5588815E+00 .1374637E+01 .2882035E+01 .3182749E+01 .2119144E+01
.3029655E+00 .4784170E+00 .6755329E+00 .7744247E+00 .8439987E+00 .8068455E+00 .7329751E+00
.9625808E+00 .9295810E+00 .1174309E+01 .2400472E+01 .3623589E+01 .2483205E+01 .2374220E+01
.7823815E+00 .4518147E+00 .1165295E+01 .2396309E+01 .3622744E+01 .2478870E+01 .2356480E+01
.5527992E+00 .6923473E+00 .7809781E+00 .8355053E+00 .8586158E+00 .7542240E+00 .8111196E+00
.1793604E+01 .1252266E+01 .2100654E+01 .3429884E+01 .3123094E+01 .2236460E+01 .2204849E+01
.1542575E+01 .7349931E+00 .2087798E+01 .3423910E+01 .3121868E+01 .2230399E+01 .2180936E+01
.6929988E+00 .8062766E+00 .8417897E+00 .8671058E+00 .8112584E+00 .7598573E+00 .8119942E+00
.2748020E+01 .1645186E+01 .3148506E+01 .3544103E+01 .2202047E+01 .2328159E+01 .2194564E+01
.2421492E+01 .1104276E+01 .3130101E+01 .3535623E+01 .2200313E+01 .2319790E+01 .2161899E+01
.7779695E+00 .8627831E+00 .8790810E+00 .8526530E+00 .7348188E+00 .8150113E+00 .8261120E+00
.3376352E+01 .2124517E+01 .3567367E+01 .2441117E+01 .2334531E+01 .2202203E+01 .2202401E+01
.2966353E+01 .1571831E+01 .3541369E+01 .2429165E+01 .2332084E+01 .2190830E+01 .2160580E+01
.8089326E+00 .9014161E+00 .8771923E+00 .7647400E+00 .7816836E+00 .8336253E+00 .8506221E+00
.3197312E+01 .2539472E+01 .2730689E+01 .2174859E+01 .2268415E+01 .2193613E+01 .2170867E+01
.2708647E+01 .1977205E+01 .2694360E+01 .2158110E+01 .2264988E+01 .2178380E+01 .2117200E+01
.7927125E+00 .9201161E+00 .8169041E+00 .7566842E+00 .8219643E+00 .8358497E+00 .8482948E+00
.2532292E+01 .2536999E+01 .2120892E+01 .2362150E+01 .2178304E+01 .2155572E+01 .2160851E+01
.1969998E+01 .1962458E+01 .2070445E+01 .2339000E+01 .2173531E+01 .2135388E+01 .2094284E+01
.7653493E+00 .9198988E+00 .7722616E+00 .8213105E+00 .8350186E+00 .8492698E+00 .8570440E+00
.2299354E+01 .2237801E+01 .2364457E+01 .2229629E+01 .2157037E+01 .2109697E+01 .2108091E+01
.1667579E+01 .1645823E+01 .2295228E+01 .2198632E+01 .2150413E+01 .2083424E+01 .2028306E+01
.8034052E+00 .9009421E+00 .8267245E+00 .8451162E+00 .8438126E+00 .8545968E+00 .8667752E+00
.2354874E+01 .2203203E+01 .2227114E+01 .2194627E+01 .2123003E+01 .2092742E+01 .2064688E+01
.1656459E+01 .1588980E+01 .2134718E+01 .2151602E+01 .2113814E+01 .2059405E+01 .1973611E+01
.8691488E+00 .9061674E+00 .8544742E+00 .8454817E+00 .8559408E+00 .8612195E+00 .8665749E+00
.2236857E+01 .2143634E+01 .2214871E+01 .2139465E+01 .2104211E+01 .2073947E+01 .2070090E+01
.1482568E+01 .1503585E+01 .2095011E+01 .2082566E+01 .2091793E+01 .2033135E+01 .1970908E+01
.8948617E+00 .9164852E+00 .8677431E+00 .8599335E+00 .8606798E+00 .8674722E+00 .8709952E+00
.2201242E+01 .2126548E+01 .2133585E+01 .2121849E+01 .2081496E+01 .2060035E+01 .2036750E+01
.1388267E+01 .1459706E+01 .1978495E+01 .2049242E+01 .2064594E+01 .2011700E+01 .1932380E+01
.9132632E+00 .9296984E+00 .8760090E+00 .8684270E+00 .8649429E+00 .8735196E+00 .8727575E+00
.2162797E+01 .2112179E+01 .2106683E+01 .2091319E+01 .2069392E+01 .2049638E+01 .2027376E+01
.1295877E+01 .1417293E+01 .1904929E+01 .1995176E+01 .2046836E+01 .1993732E+01 .1920287E+01
.9305266E+00 .9360461E+00 .8867636E+00 .8758420E+00 .8717419E+00 .8775314E+00 .8766343E+00
.2129057E+01 .2088698E+01 .2091747E+01 .2069407E+01 .2054469E+01 .2032497E+01 .2024847E+01
.1221936E+01 .1364611E+01 .1834679E+01 .1943509E+01 .2025046E+01 .1969341E+01 .1917010E+01
.9429522E+00 .9425782E+00 .8990234E+00 .8843165E+00 .8778901E+00 .8797914E+00 .8784504E+00
.2104179E+01 .2068950E+01 .2071104E+01 .2056838E+01 .2042447E+01 .2026804E+01 .2022256E+01
.1169830E+01 .1314456E+01 .1747406E+01 .1893832E+01 .2004740E+01 .1956801E+01 .1914659E+01
.9513773E+00 .9490738E+00 .9105499E+00 .8923919E+00 .8812615E+00 .8818336E+00 .8789613E+00
.1049754E-01 .7250594E-01 .1244927E-02 .3056992E-02 .1717715E-01 .1532509E+00 .6698940E+00
.1742538E-03 .2660990E-03 .6459653E-03 .2782777E-02 .1710574E-01 .1527621E+00 .6674812E+00
.5554859E-02 .8560687E-02 .1566661E-01 .3048651E-01 .7357476E-01 .2528145E+00 .6003033E+00
.1520460E-01 .1018050E+00 .3213962E-02 .1045350E-01 .5791163E-01 .3895097E+00 .1408061E+01
.6455403E-03 .9778170E-03 .2362450E-02 .1005504E-01 .5780032E-01 .3887581E+00 .1404050E+01
.1066743E-01 .1647014E-01 .3007244E-01 .5848645E-01 .1426459E+00 .4619574E+00 .7291344E+00
.2321248E-01 .1445108E+00 .9751169E-02 .3563224E-01 .1685683E+00 .8762003E+00 .2450589E+01
.2392120E-02 .3558088E-02 .8518741E-02 .3503693E-01 .1683904E+00 .8749374E+00 .2444600E+01
.2046388E-01 .3172297E-01 .5771936E-01 .1127175E+00 .2848451E+00 .6583890E+00 .8056290E+00
.3931868E-01 .2089148E+00 .3144089E-01 .1111478E+00 .4171905E+00 .1693353E+01 .3411177E+01
.8848569E-02 .1262117E-01 .2961546E-01 .1102388E+00 .4169150E+00 .1691463E+01 .3402900E+01
.3922194E-01 .6133663E-01 .1112479E+00 .2218585E+00 .5302332E+00 .7660375E+00 .8379004E+00
.7838760E-01 .3092589E+00 .9598897E-01 .2852353E+00 .9490945E+00 .2709418E+01 .3472647E+01
.3232817E-01 .4184417E-01 .9324536E-01 .2838516E+00 .9486574E+00 .2706765E+01 .3460745E+01
.7534175E-01 .1199456E+00 .2184959E+00 .4432921E+00 .7029031E+00 .8266413E+00 .8179131E+00
.1831584E+00 .4624996E+00 .2443008E+00 .6854531E+00 .1820590E+01 .3399371E+01 .2648960E+01
.1115275E+00 .1175194E+00 .2401739E+00 .6832757E+00 .1819871E+01 .3395522E+01 .2632856E+01
.1472116E+00 .2402209E+00 .4364603E+00 .6694894E+00 .7912332E+00 .8428463E+00 .7415882E+00
.4368179E+00 .6714680E+00 .5803856E+00 .1407504E+01 .2896571E+01 .3159867E+01 .2165016E+01
.3226469E+00 .2513407E+00 .5739614E+00 .1404155E+01 .2895571E+01 .3154450E+01 .2142555E+01
.3024674E+00 .4712554E+00 .6734337E+00 .7754818E+00 .8413089E+00 .8039819E+00 .7337172E+00
.9646816E+00 .9399321E+00 .1205464E+01 .2429012E+01 .3584618E+01 .2491512E+01 .2341870E+01
.7855308E+00 .4627158E+00 .1195855E+01 .2424217E+01 .3583171E+01 .2483990E+01 .2311736E+01
.5516286E+00 .6866018E+00 .7825148E+00 .8335285E+00 .8545083E+00 .7532340E+00 .8046191E+00
.1800420E+01 .1275982E+01 .2135480E+01 .3416577E+01 .3084996E+01 .2261099E+01 .2222848E+01
.1550739E+01 .7583012E+00 .2121798E+01 .3409700E+01 .3082910E+01 .2250639E+01 .2181984E+01
.6932844E+00 .8033416E+00 .8397704E+00 .8642490E+00 .8063671E+00 .7591894E+00 .8098896E+00
.2759865E+01 .1676287E+01 .3148372E+01 .3476300E+01 .2256342E+01 .2312152E+01 .2220266E+01
.2434342E+01 .1134330E+01 .3128789E+01 .3466528E+01 .2253395E+01 .2297909E+01 .2166385E+01
.7783059E+00 .8604531E+00 .8760194E+00 .8465934E+00 .7380155E+00 .8081858E+00 .8198351E+00
.3378256E+01 .2145377E+01 .3497816E+01 .2473941E+01 .2309831E+01 .2218087E+01 .2194343E+01
.2969196E+01 .1591382E+01 .3470123E+01 .2460192E+01 .2305692E+01 .2198825E+01 .2124791E+01
.8081639E+00 .8992939E+00 .8712332E+00 .7656034E+00 .7761099E+00 .8289807E+00 .8461082E+00
.3180671E+01 .2518426E+01 .2728085E+01 .2178164E+01 .2251037E+01 .2196464E+01 .2099481E+01
.2692606E+01 .1954452E+01 .2689399E+01 .2158907E+01 .2245263E+01 .2170683E+01 .2011997E+01
.7910977E+00 .9165967E+00 .8139670E+00 .7540941E+00 .8150294E+00 .8305677E+00 .8387891E+00
.2530065E+01 .2508427E+01 .2169208E+01 .2381111E+01 .2161101E+01 .2154825E+01 .2148198E+01
.1968059E+01 .1931789E+01 .2115520E+01 .2354485E+01 .2153082E+01 .2121014E+01 .2041593E+01
.7650491E+00 .9160784E+00 .7723796E+00 .8176917E+00 .8272763E+00 .8442190E+00 .8532363E+00
.2311115E+01 .2272726E+01 .2351628E+01 .2238058E+01 .2155095E+01 .2103030E+01 .2053634E+01
.1679282E+01 .1678092E+01 .2278006E+01 .2202300E+01 .2144008E+01 .2059652E+01 .1929246E+01
.8047805E+00 .9013700E+00 .8193123E+00 .8398883E+00 .8375622E+00 .8490593E+00 .8604659E+00
.2345712E+01 .2179487E+01 .2221506E+01 .2206525E+01 .2126298E+01 .2088721E+01 .2067300E+01
.1646881E+01 .1562121E+01 .2123184E+01 .2157052E+01 .2111000E+01 .2034718E+01 .1928953E+01
.8677532E+00 .9004598E+00 .8475401E+00 .8402822E+00 .8502709E+00 .8568519E+00 .8649190E+00
.2240926E+01 .2143100E+01 .2207601E+01 .2128444E+01 .2103348E+01 .2069641E+01 .2031845E+01
.1485899E+01 .1499392E+01 .2079931E+01 .2062976E+01 .2082608E+01 .2004934E+01 .1884572E+01
.8944045E+00 .9129810E+00 .8612623E+00 .8532057E+00 .8553158E+00 .8642408E+00 .8662131E+00
.2202476E+01 .2134814E+01 .2142951E+01 .2117566E+01 .2080737E+01 .2056056E+01 .2038564E+01
.1388384E+01 .1463607E+01 .1977772E+01 .2033619E+01 .2052796E+01 .1980443E+01 .1885681E+01
.9129717E+00 .9280921E+00 .8714275E+00 .8626825E+00 .8609034E+00 .8707703E+00 .8710080E+00
.2165990E+01 .2109722E+01 .2111710E+01 .2095157E+01 .2065839E+01 .2048212E+01 .2017920E+01
.1298147E+01 .1410021E+01 .1897462E+01 .1984409E+01 .2028716E+01 .1961834E+01 .1862873E+01
.9301034E+00 .9342971E+00 .8826142E+00 .8723788E+00 .8687108E+00 .8749958E+00 .8742608E+00
.2130191E+01 .2091020E+01 .2093356E+01 .2065876E+01 .2054912E+01 .2033894E+01 .2029267E+01
.1222205E+01 .1361887E+01 .1821798E+01 .1922040E+01 .2007443E+01 .1937502E+01 .1874094E+01
.9427921E+00 .9422075E+00 .8962892E+00 .8819294E+00 .8748225E+00 .8776433E+00 .8770278E+00
.2103593E+01 .2070677E+01 .2074504E+01 .2056868E+01 .2042463E+01 .2027875E+01 .2018685E+01
.1168702E+01 .1311257E+01 .1734730E+01 .1873115E+01 .1981873E+01 .1921903E+01 .1864174E+01
.9511770E+00 .9485974E+00 .9092008E+00 .8900538E+00 .8787321E+00 .8797371E+00 .8770518E+00
.1040840E-01 .7146315E-01 .1295113E-02 .3153317E-02 .1758452E-01 .1576462E+00 .6858696E+00
.1744224E-03 .2656374E-03 .6609721E-03 .2839964E-02 .1747314E-01 .1568653E+00 .6819661E+00
.5547833E-02 .8462098E-02 .1552426E-01 .3024402E-01 .7296516E-01 .2502886E+00 .5975418E+00
.1507811E-01 .1003705E+00 .3321484E-02 .1073271E-01 .5940731E-01 .4007940E+00 .1436164E+01
.6461611E-03 .9763517E-03 .2419273E-02 .1027622E-01 .5923328E-01 .3995746E+00 .1429754E+01
.1065378E-01 .1627643E-01 .2978925E-01 .5798782E-01 .1412849E+00 .4584882E+00 .7293757E+00
.2302988E-01 .1425697E+00 .1004494E-01 .3658876E-01 .1736159E+00 .8999310E+00 .2478511E+01
.2394406E-02 .3554727E-02 .8737160E-02 .3590349E-01 .1733367E+00 .8978950E+00 .2468992E+01
.2043714E-01 .3133508E-01 .5713948E-01 .1116369E+00 .2817112E+00 .6566406E+00 .8038806E+00
.3904824E-01 .2064183E+00 .3240682E-01 .1145226E+00 .4302302E+00 .1727878E+01 .3399824E+01
.8857093E-02 .1262612E-01 .3046408E-01 .1134681E+00 .4297930E+00 .1724847E+01 .3386494E+01
.3916862E-01 .6053275E-01 .1100004E+00 .2193595E+00 .5259501E+00 .7657087E+00 .8337208E+00
.7797876E-01 .3065576E+00 .9933271E-01 .2949653E+00 .9767725E+00 .2728423E+01 .3413712E+01
.3236231E-01 .4199625E-01 .9639829E-01 .2933479E+00 .9760718E+00 .2724116E+01 .3394708E+01
.7523180E-01 .1181804E+00 .2156377E+00 .4382824E+00 .7024865E+00 .8238763E+00 .8119856E+00
.1826097E+00 .4613299E+00 .2540046E+00 .7074668E+00 .1860800E+01 .3366262E+01 .2653396E+01
.1117029E+00 .1188031E+00 .2495705E+00 .7049124E+00 .1859672E+01 .3360086E+01 .2627567E+01
.1469683E+00 .2360562E+00 .4305515E+00 .6674008E+00 .7904592E+00 .8374938E+00 .7396052E+00
.4367998E+00 .6757803E+00 .6024410E+00 .1448389E+01 .2915728E+01 .3124859E+01 .2211193E+01
.3237254E+00 .2570868E+00 .5955194E+00 .1444419E+01 .2914123E+01 .3116188E+01 .2176141E+01
.3018327E+00 .4622414E+00 .6703025E+00 .7754214E+00 .8379734E+00 .7996786E+00 .7339208E+00
.9675266E+00 .9550649E+00 .1248513E+01 .2468738E+01 .3530329E+01 .2502148E+01 .2294133E+01
.7898312E+00 .4786464E+00 .1238076E+01 .2463023E+01 .3528032E+01 .2490151E+01 .2245960E+01
.5501857E+00 .6780293E+00 .7825732E+00 .8317854E+00 .8488347E+00 .7508553E+00 .7980004E+00
.1809762E+01 .1309826E+01 .2184403E+01 .3395883E+01 .3033505E+01 .2291188E+01 .2234574E+01
.1561961E+01 .7916817E+00 .2169503E+01 .3387721E+01 .3030220E+01 .2274726E+01 .2170850E+01
.6934436E+00 .7972293E+00 .8385585E+00 .8591668E+00 .7996615E+00 .7569680E+00 .8038112E+00
.2776102E+01 .1721694E+01 .3144946E+01 .3384867E+01 .2326123E+01 .2288549E+01 .2244933E+01
.2452137E+01 .1178230E+01 .3123679E+01 .3373286E+01 .2321481E+01 .2266129E+01 .2161905E+01
.7785375E+00 .8600106E+00 .8707452E+00 .8383527E+00 .7413603E+00 .7985398E+00 .8164062E+00
.3382041E+01 .2171437E+01 .3404318E+01 .2518383E+01 .2280619E+01 .2231216E+01 .2146303E+01
.2974255E+01 .1615751E+01 .3374291E+01 .2502078E+01 .2274128E+01 .2201124E+01 .2040302E+01
.8073321E+00 .8950390E+00 .8632591E+00 .7662912E+00 .7672053E+00 .8226655E+00 .8373487E+00
.3157568E+01 .2487863E+01 .2726564E+01 .2184408E+01 .2238412E+01 .2197386E+01 .2027273E+01
.2670438E+01 .1921432E+01 .2684569E+01 .2161657E+01 .2229365E+01 .2157414E+01 .1896052E+01
.7886895E+00 .9120544E+00 .8103555E+00 .7484637E+00 .8061011E+00 .8239340E+00 .8279437E+00
.2525726E+01 .2473199E+01 .2228729E+01 .2395311E+01 .2151576E+01 .2148747E+01 .2073664E+01
.1964153E+01 .1893499E+01 .2170519E+01 .2363878E+01 .2139038E+01 .2096826E+01 .1916920E+01
.7642895E+00 .9116814E+00 .7706588E+00 .8108203E+00 .8185940E+00 .8374971E+00 .8435075E+00
.2327745E+01 .2313569E+01 .2333185E+01 .2236011E+01 .2153281E+01 .2103756E+01 .2051729E+01
.1695835E+01 .1715250E+01 .2253431E+01 .2193678E+01 .2135993E+01 .2038139E+01 .1872653E+01
.8066621E+00 .9004643E+00 .8091848E+00 .8318054E+00 .8301472E+00 .8432379E+00 .8578614E+00
.2333625E+01 .2158497E+01 .2217719E+01 .2213687E+01 .2123204E+01 .2087575E+01 .2060085E+01
.1634273E+01 .1536773E+01 .2111201E+01 .2155327E+01 .2099463E+01 .2007219E+01 .1865350E+01
.8656543E+00 .8939633E+00 .8389720E+00 .8338019E+00 .8427435E+00 .8526632E+00 .8623338E+00
.2247835E+01 .2148662E+01 .2185740E+01 .2125311E+01 .2104252E+01 .2077294E+01 .2076730E+01
.1491922E+01 .1499672E+01 .2047319E+01 .2047971E+01 .2072205E+01 .1982031E+01 .1872046E+01
.8934812E+00 .9101511E+00 .8529663E+00 .8456488E+00 .8492500E+00 .8614549E+00 .8672225E+00
.2203781E+01 .2151126E+01 .2148166E+01 .2103363E+01 .2087705E+01 .2054352E+01 .2039893E+01
.1388618E+01 .1473990E+01 .1969287E+01 .2003910E+01 .2044666E+01 .1944307E+01 .1829987E+01
.9117778E+00 .9268764E+00 .8651858E+00 .8561152E+00 .8573933E+00 .8675019E+00 .8691053E+00
.2168172E+01 .2110469E+01 .2123726E+01 .2087495E+01 .2069209E+01 .2045557E+01 .2032686E+01
.1299056E+01 .1404304E+01 .1892667E+01 .1957421E+01 .2013242E+01 .1921484E+01 .1821367E+01
.9294624E+00 .9331368E+00 .8794379E+00 .8685316E+00 .8656193E+00 .8718537E+00 .8733923E+00
.2129288E+01 .2092894E+01 .2092954E+01 .2070763E+01 .2054116E+01 .2033759E+01 .2016831E+01
.1220187E+01 .1357192E+01 .1802196E+01 .1903818E+01 .1982670E+01 .1896219E+01 .1806007E+01
.9423333E+00 .9417455E+00 .8943407E+00 .8800797E+00 .8713028E+00 .8751263E+00 .8743620E+00
.2100443E+01 .2074027E+01 .2075353E+01 .2057993E+01 .2043396E+01 .2031564E+01 .2025348E+01
.1164778E+01 .1308198E+01 .1714822E+01 .1846772E+01 .1952653E+01 .1881549E+01 .1815574E+01
.9508208E+00 .9477580E+00 .9069425E+00 .8870863E+00 .8758386E+00 .8776512E+00 .8756949E+00
.1028965E-01 .7007736E-01 .1362011E-02 .3282026E-02 .1812880E-01 .1634569E+00 .7071232E+00
.1746504E-03 .2653313E-03 .6811589E-03 .2916668E-02 .1796424E-01 .1622848E+00 .7011979E+00
.5539469E-02 .8345790E-02 .1535749E-01 .2995887E-01 .7224916E-01 .2473866E+00 .5942073E+00
.1490972E-01 .9846325E-01 .3465239E-02 .1110614E-01 .6139911E-01 .4158537E+00 .1473296E+01
.6470014E-03 .9755355E-03 .2495662E-02 .1057246E-01 .6114148E-01 .4139965E+00 .1463689E+01
.1063753E-01 .1604797E-01 .2945768E-01 .5740231E-01 .1396966E+00 .4544490E+00 .7287851E+00
.2278711E-01 .1399869E+00 .1043848E-01 .3786620E-01 .1802967E+00 .9313263E+00 .2515545E+01
.2397506E-02 .3554368E-02 .9030455E-02 .3706106E-01 .1798819E+00 .9282557E+00 .2501321E+01
.2040530E-01 .3087791E-01 .5646150E-01 .1103730E+00 .2781140E+00 .6539389E+00 .8020363E+00
.3868965E-01 .2030917E+00 .3370032E-01 .1190094E+00 .4476193E+00 .1773550E+01 .3385592E+01
.8868682E-02 .1264707E-01 .3160123E-01 .1177604E+00 .4469631E+00 .1768954E+01 .3365498E+01
.3910512E-01 .5958668E-01 .1085476E+00 .2164701E+00 .5210186E+00 .7648287E+00 .8281593E+00
.7743975E-01 .3029455E+00 .1037958E+00 .3078482E+00 .1013745E+01 .2753147E+01 .3339970E+01
.3240882E-01 .4224381E-01 .1006063E+00 .3059162E+00 .1012685E+01 .2746598E+01 .3311898E+01
.7510073E-01 .1161108E+00 .2123440E+00 .4326093E+00 .7009140E+00 .8203774E+00 .8029041E+00
.1818934E+00 .4597316E+00 .2669043E+00 .7372667E+00 .1913769E+01 .3324667E+01 .2661284E+01
.1119392E+00 .1206214E+00 .2620561E+00 .7341944E+00 .1912095E+01 .3315455E+01 .2623109E+01
.1466778E+00 .2312203E+00 .4238789E+00 .6644123E+00 .7895014E+00 .8301331E+00 .7353572E+00
.4367508E+00 .6815214E+00 .6323985E+00 .1501274E+01 .2941437E+01 .3077673E+01 .2270926E+01
.3251303E+00 .2649414E+00 .6247918E+00 .1496484E+01 .2939010E+01 .3064738E+01 .2218965E+01
.3010804E+00 .4518929E+00 .6661420E+00 .7739450E+00 .8341679E+00 .7927853E+00 .7354360E+00
.9711784E+00 .9760968E+00 .1304685E+01 .2520038E+01 .3460181E+01 .2515240E+01 .2240457E+01
.7954115E+00 .5008241E+00 .1293155E+01 .2513059E+01 .3456740E+01 .2497325E+01 .2169751E+01
.5485541E+00 .6671710E+00 .7807245E+00 .8298802E+00 .8409128E+00 .7468303E+00 .7827352E+00
.1821913E+01 .1355306E+01 .2248597E+01 .3368569E+01 .2967628E+01 .2324024E+01 .2247341E+01
.1576597E+01 .8366658E+00 .2231996E+01 .3358705E+01 .2962726E+01 .2299614E+01 .2154808E+01
.6933697E+00 .7896986E+00 .8377645E+00 .8517575E+00 .7904338E+00 .7526221E+00 .7957791E+00
.2797208E+01 .1783298E+01 .3138093E+01 .3267984E+01 .2409976E+01 .2259066E+01 .2254359E+01
.2475520E+01 .1237886E+01 .3114605E+01 .3253964E+01 .2403089E+01 .2226020E+01 .2134490E+01
.7785591E+00 .8596282E+00 .8632539E+00 .8275616E+00 .7431544E+00 .7861000E+00 .8106198E+00
.3388718E+01 .2202659E+01 .3283566E+01 .2571666E+01 .2249443E+01 .2237439E+01 .2081472E+01
.2982631E+01 .1644619E+01 .3250351E+01 .2551983E+01 .2239810E+01 .2193183E+01 .1929694E+01
.8065415E+00 .8903642E+00 .8531658E+00 .7661755E+00 .7551195E+00 .8146921E+00 .8254059E+00
.3127504E+01 .2443942E+01 .2726785E+01 .2198267E+01 .2235555E+01 .2199323E+01 .2069543E+01
.2641816E+01 .1874361E+01 .2680409E+01 .2170835E+01 .2222157E+01 .2141180E+01 .1884171E+01
.7851185E+00 .9059321E+00 .8057458E+00 .7403229E+00 .7955829E+00 .8159976E+00 .8263373E+00
.2517779E+01 .2433786E+01 .2298038E+01 .2395367E+01 .2155353E+01 .2144868E+01 .2058987E+01
.1956964E+01 .1850173E+01 .2233799E+01 .2357527E+01 .2136829E+01 .2069835E+01 .1841400E+01
.7626318E+00 .9067759E+00 .7674528E+00 .8000962E+00 .8098670E+00 .8294693E+00 .8385717E+00
.2350067E+01 .2356045E+01 .2305585E+01 .2220121E+01 .2153306E+01 .2117373E+01 .2110770E+01
.1718236E+01 .1752895E+01 .2217714E+01 .2169074E+01 .2127834E+01 .2023682E+01 .1867829E+01
.8087821E+00 .8995947E+00 .7950524E+00 .8213642E+00 .8211707E+00 .8382858E+00 .8601408E+00
.2318570E+01 .2144859E+01 .2215986E+01 .2210939E+01 .2116088E+01 .2097688E+01 .2066471E+01
.1618596E+01 .1517277E+01 .2098649E+01 .2140872E+01 .2081238E+01 .1984636E+01 .1806121E+01
.8625891E+00 .8877234E+00 .8296392E+00 .8251768E+00 .8339397E+00 .8486298E+00 .8603772E+00
.2257297E+01 .2165154E+01 .2152486E+01 .2138305E+01 .2110087E+01 .2068731E+01 .2036031E+01
.1500167E+01 .1509714E+01 .1999943E+01 .2045399E+01 .2063121E+01 .1936459E+01 .1765198E+01
.8922241E+00 .9078742E+00 .8422359E+00 .8383671E+00 .8437973E+00 .8570989E+00 .8620173E+00
.2205013E+01 .2166203E+01 .2143784E+01 .2096202E+01 .2087901E+01 .2058950E+01 .2057246E+01
.1387978E+01 .1481548E+01 .1947101E+01 .1976582E+01 .2025976E+01 .1907611E+01 .1781960E+01
.9108077E+00 .9252219E+00 .8580226E+00 .8498431E+00 .8534403E+00 .8643187E+00 .8684324E+00
.2166908E+01 .2120248E+01 .2121970E+01 .2083274E+01 .2068624E+01 .2049579E+01 .2043702E+01
.1296033E+01 .1405886E+01 .1869447E+01 .1927910E+01 .1988347E+01 .1880164E+01 .1767824E+01
.9286372E+00 .9323944E+00 .8754865E+00 .8644983E+00 .8609518E+00 .8688985E+00 .8723184E+00
.2126400E+01 .2095001E+01 .2087140E+01 .2068713E+01 .2053977E+01 .2036959E+01 .2011102E+01
.1215784E+01 .1351137E+01 .1772101E+01 .1872327E+01 .1951727E+01 .1850614E+01 .1736299E+01
.9416436E+00 .9408734E+00 .8911896E+00 .8760644E+00 .8673747E+00 .8725912E+00 .8721840E+00
.2101548E+01 .2088831E+01 .2070836E+01 .2058743E+01 .2042231E+01 .2027328E+01 .2022004E+01
.1164750E+01 .1314891E+01 .1684108E+01 .1812679E+01 .1913797E+01 .1824971E+01 .1748604E+01
.9507452E+00 .9474034E+00 .9037708E+00 .8841048E+00 .8724520E+00 .8748190E+00 .8736829E+00
.1013696E-01 .6830132E-01 .1448094E-02 .3448174E-02 .1883158E-01 .1708570E+00 .7342731E+00
.1749492E-03 .2654499E-03 .7074434E-03 .3016188E-02 .1859879E-01 .1691809E+00 .7257137E+00
.5530168E-02 .8218109E-02 .1517600E-01 .2964690E-01 .7146647E-01 .2443111E+00 .5905347E+00
.1469334E-01 .9601784E-01 .3650934E-02 .1158885E-01 .6396087E-01 .4351817E+00 .1520435E+01
.6481039E-03 .9763712E-03 .2595055E-02 .1095619E-01 .6359579E-01 .4324885E+00 .1506705E+01
.1061947E-01 .1579723E-01 .2909701E-01 .5676264E-01 .1379742E+00 .4501465E+00 .7271829E+00
.2247559E-01 .1366726E+00 .1094817E-01 .3951483E-01 .1888186E+00 .9711846E+00 .2563043E+01
.2401581E-02 .3560772E-02 .9411569E-02 .3855571E-01 .1882291E+00 .9667819E+00 .2542734E+01
.2036989E-01 .3037641E-01 .5572509E-01 .1089990E+00 .2743053E+00 .6503822E+00 .8000885E+00
.3823092E-01 .1988168E+00 .3537515E-01 .1247666E+00 .4699223E+00 .1831192E+01 .3369457E+01
.8883962E-02 .1269816E-01 .3307516E-01 .1232672E+00 .4689805E+00 .1824551E+01 .3340757E+01
.3903443E-01 .5855041E-01 .1069769E+00 .2133766E+00 .5158564E+00 .7630453E+00 .8211126E+00
.7675464E-01 .2982906E+00 .1095500E+00 .3242628E+00 .1060988E+01 .2784662E+01 .3247718E+01
.3247028E-01 .4263929E-01 .1060320E+00 .3219233E+00 .1059457E+01 .2775235E+01 .3208007E+01
.7495455E-01 .1138544E+00 .2088334E+00 .4267455E+00 .6980876E+00 .8160741E+00 .7904690E+00
.1809927E+00 .4576412E+00 .2834169E+00 .7759604E+00 .1981028E+01 .3274160E+01 .2659448E+01
.1122473E+00 .1231524E+00 .2780317E+00 .7722050E+00 .1978641E+01 .3261037E+01 .2605322E+01
.1463526E+00 .2260208E+00 .4170047E+00 .6606574E+00 .7881290E+00 .8205473E+00 .7291509E+00
.4366530E+00 .6889028E+00 .6714524E+00 .1567300E+01 .2974752E+01 .3016495E+01 .2341115E+01
.3268936E+00 .2753755E+00 .6629398E+00 .1561460E+01 .2971255E+01 .2998164E+01 .2267340E+01
.3002467E+00 .4411027E+00 .6612554E+00 .7710906E+00 .8299912E+00 .7823972E+00 .7354380E+00
.9756717E+00 .1004126E+01 .1375127E+01 .2582824E+01 .3376855E+01 .2530495E+01 .2191775E+01
.8023722E+00 .5304922E+00 .1362198E+01 .2574233E+01 .3371936E+01 .2505218E+01 .2093741E+01
.5468659E+00 .6555990E+00 .7770746E+00 .8270346E+00 .8300490E+00 .7401904E+00 .7658997E+00
.1837078E+01 .1414037E+01 .2327318E+01 .3336728E+01 .2884932E+01 .2358813E+01 .2267328E+01
.1594911E+01 .8948403E+00 .2308527E+01 .3324662E+01 .2877942E+01 .2324300E+01 .2137567E+01
.6929798E+00 .7832667E+00 .8359054E+00 .8427181E+00 .7776355E+00 .7453992E+00 .7903075E+00
.2823560E+01 .1860635E+01 .3130027E+01 .3127368E+01 .2503550E+01 .2224254E+01 .2229530E+01
.2505026E+01 .1313300E+01 .3103663E+01 .3110232E+01 .2493752E+01 .2177593E+01 .2063250E+01
.7782710E+00 .8552036E+00 .8545207E+00 .8133229E+00 .7434824E+00 .7712466E+00 .8033777E+00
.3399493E+01 .2239482E+01 .3136042E+01 .2627192E+01 .2222005E+01 .2238988E+01 .2063909E+01
.2995718E+01 .1678208E+01 .3098684E+01 .2603209E+01 .2208335E+01 .2177036E+01 .1856536E+01
.8058416E+00 .8857495E+00 .8397861E+00 .7631760E+00 .7398080E+00 .8050884E+00 .8167510E+00
.3090443E+01 .2386495E+01 .2724308E+01 .2226162E+01 .2246027E+01 .2198562E+01 .2186731E+01
.2606877E+01 .1812885E+01 .2672283E+01 .2192764E+01 .2227055E+01 .2117645E+01 .1937051E+01
.7800306E+00 .8989108E+00 .7977950E+00 .7305084E+00 .7843921E+00 .8067238E+00 .8315472E+00
.2504328E+01 .2390967E+01 .2376293E+01 .2373096E+01 .2174659E+01 .2141875E+01 .2137693E+01
.1944646E+01 .1802097E+01 .2304387E+01 .2327072E+01 .2148482E+01 .2038768E+01 .1849735E+01
.7600536E+00 .8998382E+00 .7621280E+00 .7851935E+00 .8011994E+00 .8207589E+00 .8424644E+00
.2378696E+01 .2394060E+01 .2265086E+01 .2193987E+01 .2157186E+01 .2115804E+01 .2053327E+01
.1747236E+01 .1784810E+01 .2166806E+01 .2131817E+01 .2121262E+01 .1988593E+01 .1736772E+01
.8106129E+00 .8966251E+00 .7777394E+00 .8091012E+00 .8106263E+00 .8319408E+00 .8539360E+00
.2300860E+01 .2141516E+01 .2218803E+01 .2195493E+01 .2122474E+01 .2088112E+01 .2024274E+01
.1600227E+01 .1506727E+01 .2087716E+01 .2110508E+01 .2073506E+01 .1936462E+01 .1689396E+01
.8582577E+00 .8810925E+00 .8201367E+00 .8133397E+00 .8254206E+00 .8433207E+00 .8546634E+00
.2266327E+01 .2191386E+01 .2128788E+01 .2161396E+01 .2100158E+01 .2070426E+01 .2041722E+01
.1507695E+01 .1527255E+01 .1958464E+01 .2048966E+01 .2034383E+01 .1894458E+01 .1696107E+01
.8903518E+00 .9061692E+00 .8298631E+00 .8318354E+00 .8370441E+00 .8537479E+00 .8605617E+00
.2204972E+01 .2167177E+01 .2130835E+01 .2112512E+01 .2082793E+01 .2057246E+01 .2066669E+01
.1386169E+01 .1473247E+01 .1911833E+01 .1968016E+01 .1996775E+01 .1857587E+01 .1717648E+01
.9090395E+00 .9229952E+00 .8507721E+00 .8451455E+00 .8480556E+00 .8602586E+00 .8675952E+00
.2163076E+01 .2128447E+01 .2102819E+01 .2097383E+01 .2067712E+01 .2046418E+01 .2011742E+01
.1289999E+01 .1404490E+01 .1823750E+01 .1912087E+01 .1957634E+01 .1824282E+01 .1663093E+01
.9274982E+00 .9316936E+00 .8704260E+00 .8618284E+00 .8556466E+00 .8656477E+00 .8683394E+00
.2126167E+01 .2094040E+01 .2088119E+01 .2071936E+01 .2053177E+01 .2032343E+01 .2006852E+01
.1213592E+01 .1340253E+01 .1743791E+01 .1839447E+01 .1912899E+01 .1789089E+01 .1659822E+01
.9409866E+00 .9394321E+00 .8876643E+00 .8718611E+00 .8629391E+00 .8692468E+00 .8702530E+00
.2103515E+01 .2085960E+01 .2074840E+01 .2055487E+01 .2042809E+01 .2029251E+01 .2009769E+01
.1165401E+01 .1301938E+01 .1656119E+01 .1767422E+01 .1868153E+01 .1766356E+01 .1664446E+01
.9505320E+00 .9465018E+00 .9011679E+00 .8807102E+00 .8686886E+00 .8724373E+00 .8712350E+00
.9945883E-02 .6608880E-01 .1555878E-02 .3657045E-02 .1971565E-01 .1800035E+00 .7678315E+00
.1753320E-03 .2663949E-03 .7408424E-03 .3142109E-02 .1939778E-01 .1776978E+00 .7559482E+00
.5520549E-02 .8088399E-02 .1499363E-01 .2933101E-01 .7067400E-01 .2413357E+00 .5869053E+00
.1442278E-01 .9297000E-01 .3884559E-02 .1219679E-01 .6716796E-01 .4592176E+00 .1578333E+01
.6495177E-03 .9803540E-03 .2721248E-02 .1144076E-01 .6666878E-01 .4554624E+00 .1559427E+01
.1060078E-01 .1554248E-01 .2873462E-01 .5611569E-01 .1362477E+00 .4460189E+00 .7245270E+00
.2208671E-01 .1325385E+00 .1159154E-01 .4158728E-01 .1993720E+00 .1020196E+01 .2621719E+01
.2406817E-02 .3579504E-02 .9894690E-02 .4043600E-01 .1985641E+00 .1014123E+01 .2593762E+01
.2033322E-01 .2986693E-01 .5498602E-01 .1076171E+00 .2706219E+00 .6462946E+00 .7977107E+00
.3766019E-01 .1934779E+00 .3748861E-01 .1319503E+00 .4976432E+00 .1901250E+01 .3355644E+01
.8903656E-02 .1280003E-01 .3493783E-01 .1301381E+00 .4963407E+00 .1892067E+01 .3316462E+01
.3896112E-01 .5749871E-01 .1054088E+00 .2103308E+00 .5110489E+00 .7600033E+00 .8129468E+00
.7590831E-01 .2924652E+00 .1167701E+00 .3445316E+00 .1119242E+01 .2824893E+01 .3140895E+01
.3254960E-01 .4325683E-01 .1128412E+00 .3416805E+00 .1117116E+01 .2811916E+01 .3086847E+01
.7480241E-01 .1115758E+00 .2053967E+00 .4213182E+00 .6941935E+00 .8108897E+00 .7745159E+00
.1798932E+00 .4550033E+00 .3039111E+00 .8245204E+00 .2063188E+01 .3216858E+01 .2644719E+01
.1126390E+00 .1266308E+00 .2978511E+00 .8198925E+00 .2059896E+01 .3198814E+01 .2571195E+01
.1460118E+00 .2208736E+00 .4106628E+00 .6565019E+00 .7857253E+00 .8084510E+00 .7208899E+00
.4364850E+00 .6981134E+00 .7206975E+00 .1647668E+01 .3015623E+01 .2939551E+01 .2417569E+01
.3290428E+00 .2889246E+00 .7110250E+00 .1640506E+01 .3010782E+01 .2914423E+01 .2317686E+01
.2993841E+00 .4310583E+00 .6562344E+00 .7670116E+00 .8250864E+00 .7681551E+00 .7318228E+00
.9810100E+00 .1040200E+01 .1461037E+01 .2658603E+01 .3281968E+01 .2545650E+01 .2137163E+01
.8107827E+00 .5688906E+00 .1446350E+01 .2648052E+01 .3275168E+01 .2511038E+01 .2003479E+01
.5452977E+00 .6454696E+00 .7719843E+00 .8230495E+00 .8157713E+00 .7316618E+00 .7471906E+00
.1855373E+01 .1487932E+01 .2420403E+01 .3301703E+01 .2785682E+01 .2393078E+01 .2290231E+01
.1617063E+01 .9680759E+00 .2398971E+01 .3286806E+01 .2776084E+01 .2346127E+01 .2116846E+01
.6922317E+00 .7790682E+00 .8320196E+00 .8323995E+00 .7610908E+00 .7351370E+00 .7831896E+00
.2855410E+01 .1954663E+01 .3123782E+01 .2964161E+01 .2598654E+01 .2194065E+01 .2188688E+01
.2541039E+01 .1405909E+01 .3093697E+01 .2943154E+01 .2585217E+01 .2130911E+01 .1967318E+01
.7775807E+00 .8474303E+00 .8450092E+00 .7937759E+00 .7423674E+00 .7540629E+00 .7895100E+00
.3415824E+01 .2284235E+01 .2966192E+01 .2674656E+01 .2207793E+01 .2239981E+01 .2103484E+01
.3015230E+01 .1719366E+01 .2923719E+01 .2645284E+01 .2189081E+01 .2156469E+01 .1830059E+01
.8052285E+00 .8794986E+00 .8208905E+00 .7558745E+00 .7229197E+00 .7937709E+00 .8137649E+00
.3047211E+01 .2318424E+01 .2714955E+01 .2272082E+01 .2267839E+01 .2184741E+01 .2152519E+01
.2566529E+01 .1739717E+01 .2655912E+01 .2231254E+01 .2241922E+01 .2076759E+01 .1828783E+01
.7733542E+00 .8890416E+00 .7850866E+00 .7187477E+00 .7742344E+00 .7943356E+00 .8238676E+00
.2482673E+01 .2349060E+01 .2461955E+01 .2319139E+01 .2203259E+01 .2126021E+01 .2125622E+01
.1924540E+01 .1754108E+01 .2380390E+01 .2262932E+01 .2167568E+01 .1989299E+01 .1757180E+01
.7562337E+00 .8889407E+00 .7557251E+00 .7662701E+00 .7911377E+00 .8104216E+00 .8394852E+00
.2413543E+01 .2422502E+01 .2213385E+01 .2172973E+01 .2171690E+01 .2107590E+01 .2087475E+01
.1782631E+01 .1805564E+01 .2102187E+01 .2097040E+01 .2122871E+01 .1940633E+01 .1688492E+01
.8119379E+00 .8926051E+00 .7590432E+00 .7945985E+00 .8001480E+00 .8246067E+00 .8542964E+00
.2282488E+01 .2150335E+01 .2231028E+01 .2172319E+01 .2139930E+01 .2092258E+01 .2109926E+01
.1581114E+01 .1506488E+01 .2082924E+01 .2068948E+01 .2073599E+01 .1895256E+01 .1691450E+01
.8525593E+00 .8775238E+00 .8091613E+00 .7992269E+00 .8178960E+00 .8390039E+00 .8601576E+00
.2275803E+01 .2216200E+01 .2135023E+01 .2162235E+01 .2090199E+01 .2076185E+01 .2066411E+01
.1515557E+01 .1542115E+01 .1942703E+01 .2025522E+01 .2001728E+01 .1849269E+01 .1637750E+01
.8879444E+00 .9038257E+00 .8191344E+00 .8230078E+00 .8302400E+00 .8494910E+00 .8617241E+00
.2203040E+01 .2150466E+01 .2121781E+01 .2121579E+01 .2082163E+01 .2058064E+01 .2030725E+01
.1381531E+01 .1445573E+01 .1875709E+01 .1946591E+01 .1966891E+01 .1802426E+01 .1599805E+01
.9075407E+00 .9200953E+00 .8433153E+00 .8405711E+00 .8418434E+00 .8564277E+00 .8637853E+00
.2160045E+01 .2123195E+01 .2098557E+01 .2088940E+01 .2069503E+01 .2044298E+01 .2021135E+01
.1284232E+01 .1387663E+01 .1788188E+01 .1867576E+01 .1922827E+01 .1761582E+01 .1591415E+01
.9260873E+00 .9300059E+00 .8660309E+00 .8565847E+00 .8501610E+00 .8622377E+00 .8683812E+00
.2129251E+01 .2088579E+01 .2100518E+01 .2066821E+01 .2053882E+01 .2036465E+01 .2031011E+01
.1214241E+01 .1322914E+01 .1721395E+01 .1790744E+01 .1868477E+01 .1728312E+01 .1603475E+01
.9405198E+00 .9375100E+00 .8841727E+00 .8667849E+00 .8584359E+00 .8669294E+00 .8712956E+00
.2100171E+01 .2069398E+01 .2071001E+01 .2057539E+01 .2042213E+01 .2025145E+01 .2017732E+01
.1160312E+01 .1273503E+01 .1613766E+01 .1719679E+01 .1812941E+01 .1693204E+01 .1592187E+01
.9501322E+00 .9450404E+00 .8980354E+00 .8775455E+00 .8646847E+00 .8697568E+00 .8710307E+00
.9711909E-02 .6339493E-01 .1687927E-02 .3914204E-02 .2080512E-01 .1910307E+00 .8082011E+00
.1758139E-03 .2687299E-03 .7824943E-03 .3298366E-02 .2038363E-01 .1879582E+00 .7922296E+00
.5511452E-02 .7968807E-02 .1482787E-01 .2904062E-01 .6994401E-01 .2387894E+00 .5838028E+00
.1409177E-01 .8925732E-01 .4172442E-02 .1294695E-01 .7109694E-01 .4883442E+00 .1647451E+01
.6512995E-03 .9895755E-03 .2878472E-02 .1204071E-01 .7043427E-01 .4832734E+00 .1622200E+01
.1058309E-01 .1530741E-01 .2840496E-01 .5552100E-01 .1346783E+00 .4425891E+00 .7208852E+00
.2161176E-01 .1274989E+00 .1238747E-01 .4413877E-01 .2121217E+00 .1078933E+01 .2691834E+01
.2413428E-02 .3618325E-02 .1049550E-01 .4275326E-01 .2110477E+00 .1070809E+01 .2654544E+01
.2029846E-01 .2939623E-01 .5431379E-01 .1063547E+00 .2674661E+00 .6421358E+00 .7944868E+00
.3696572E-01 .1869626E+00 .4010202E-01 .1407112E+00 .5312324E+00 .1984262E+01 .3349134E+01
.8928599E-02 .1298119E-01 .3724545E-01 .1385178E+00 .5294854E+00 .1972033E+01 .3297256E+01
.3889137E-01 .5652638E-01 .1039907E+00 .2076359E+00 .5072803E+00 .7556158E+00 .8044474E+00
.7488646E-01 .2853489E+00 .1256309E+00 .3689073E+00 .1189020E+01 .2876033E+01 .3030643E+01
.3265016E-01 .4419675E-01 .1212010E+00 .3654302E+00 .1186158E+01 .2858746E+01 .2959539E+01
.7465657E-01 .1094787E+00 .2023783E+00 .4170584E+00 .6895992E+00 .8048259E+00 .7559537E+00
.1785825E+00 .4517721E+00 .3286875E+00 .8837736E+00 .2160077E+01 .3156358E+01 .2614187E+01
.1131271E+00 .1313561E+00 .3218015E+00 .8780593E+00 .2155674E+01 .3132271E+01 .2516045E+01
.1456808E+00 .2162704E+00 .4056958E+00 .6524333E+00 .7817248E+00 .7934771E+00 .7103743E+00
.4362221E+00 .7092948E+00 .7811466E+00 .1743297E+01 .3065193E+01 .2848670E+01 .2489586E+01
.3316010E+00 .3061789E+00 .7700253E+00 .1734502E+01 .3058727E+01 .2815184E+01 .2358311E+01
.2985602E+00 .4230922E+00 .6517869E+00 .7618042E+00 .8189454E+00 .7497081E+00 .7264688E+00
.9871636E+00 .1085351E+01 .1563416E+01 .2749798E+01 .3177834E+01 .2556384E+01 .2103316E+01
.8206789E+00 .6172943E+00 .1546556E+01 .2736880E+01 .3168708E+01 .2510544E+01 .1929432E+01
.5440601E+00 .6387656E+00 .7657521E+00 .8182465E+00 .7974850E+00 .7203578E+00 .7280365E+00
.1876809E+01 .1578796E+01 .2529765E+01 .3263474E+01 .2669501E+01 .2425503E+01 .2310655E+01
.1643103E+01 .1058296E+01 .2505200E+01 .3245057E+01 .2656733E+01 .2363488E+01 .2086026E+01
.6911253E+00 .7760972E+00 .8264772E+00 .8205149E+00 .7399817E+00 .7229625E+00 .7753447E+00
.2892827E+01 .2069276E+01 .3118604E+01 .2784469E+01 .2682517E+01 .2176032E+01 .2171249E+01
.2583719E+01 .1519032E+01 .3083828E+01 .2758755E+01 .2664641E+01 .2093036E+01 .1886164E+01
.7764173E+00 .8415541E+00 .8342823E+00 .7668814E+00 .7372237E+00 .7377199E+00 .7773756E+00
.3439279E+01 .2334717E+01 .2780199E+01 .2707872E+01 .2216673E+01 .2245545E+01 .2108560E+01
.3043023E+01 .1765114E+01 .2731518E+01 .2671843E+01 .2191832E+01 .2136326E+01 .1759786E+01
.8045870E+00 .8726937E+00 .7938367E+00 .7459547E+00 .7070500E+00 .7814757E+00 .8071268E+00
.2999887E+01 .2239485E+01 .2691331E+01 .2341758E+01 .2289162E+01 .2158966E+01 .2076086E+01
.2522820E+01 .1655270E+01 .2623603E+01 .2291830E+01 .2254789E+01 .2018633E+01 .1667529E+01
.7656134E+00 .8736194E+00 .7708780E+00 .7100403E+00 .7615300E+00 .7799030E+00 .8123173E+00
.2449847E+01 .2306864E+01 .2548230E+01 .2239513E+01 .2223033E+01 .2124814E+01 .2064347E+01
.1894090E+01 .1704096E+01 .2454987E+01 .2170992E+01 .2175779E+01 .1949226E+01 .1606271E+01
.7496362E+00 .8777215E+00 .7496810E+00 .7428083E+00 .7782127E+00 .8017337E+00 .8316550E+00
.2454120E+01 .2433771E+01 .2162575E+01 .2178326E+01 .2187692E+01 .2106441E+01 .2081619E+01
.1824068E+01 .1807559E+01 .2035687E+01 .2085724E+01 .2123176E+01 .1894772E+01 .1591579E+01
.8127642E+00 .8881217E+00 .7385996E+00 .7797939E+00 .7895091E+00 .8193842E+00 .8539567E+00
.2267669E+01 .2170533E+01 .2254121E+01 .2163536E+01 .2130571E+01 .2088993E+01 .2074673E+01
.1565581E+01 .1515998E+01 .2085333E+01 .2038000E+01 .2043236E+01 .1840119E+01 .1563787E+01
.8463873E+00 .8719480E+00 .7971317E+00 .7861629E+00 .8079357E+00 .8347687E+00 .8576926E+00
.2281745E+01 .2225630E+01 .2171446E+01 .2125203E+01 .2111496E+01 .2072883E+01 .2041268E+01
.1519682E+01 .1539515E+01 .1952771E+01 .1960238E+01 .1995179E+01 .1787900E+01 .1521632E+01
.8855885E+00 .9000702E+00 .8126646E+00 .8112700E+00 .8251677E+00 .8447834E+00 .8598310E+00
.2198815E+01 .2126250E+01 .2137081E+01 .2104665E+01 .2089922E+01 .2052299E+01 .2025965E+01
.1374513E+01 .1408524E+01 .1858607E+01 .1893981E+01 .1940625E+01 .1733438E+01 .1505128E+01
.9049470E+00 .9161057E+00 .8378142E+00 .8346576E+00 .8353162E+00 .8524499E+00 .8639984E+00
.2159826E+01 .2108202E+01 .2123293E+01 .2089740E+01 .2064944E+01 .2042834E+01 .2018635E+01
.1280681E+01 .1359279E+01 .1776260E+01 .1825166E+01 .1874657E+01 .1691736E+01 .1499847E+01
.9245842E+00 .9269850E+00 .8636620E+00 .8504365E+00 .8435553E+00 .8593358E+00 .8690206E+00
.2127007E+01 .2094595E+01 .2085576E+01 .2070991E+01 .2054206E+01 .2035375E+01 .2030718E+01
.1209023E+01 .1314745E+01 .1664795E+01 .1743790E+01 .1815242E+01 .1654069E+01 .1514555E+01
.9396782E+00 .9361841E+00 .8781555E+00 .8624983E+00 .8535415E+00 .8647022E+00 .8720647E+00
.2104755E+01 .2067570E+01 .2074754E+01 .2056929E+01 .2043469E+01 .2033988E+01 .2009457E+01
.1162707E+01 .1258005E+01 .1572589E+01 .1661546E+01 .1750576E+01 .1624599E+01 .1495570E+01
.9501383E+00 .9441011E+00 .8956480E+00 .8741684E+00 .8609377E+00 .8689188E+00 .8710906E+00
.9430386E-02 .6017654E-01 .1846862E-02 .4225541E-02 .2212559E-01 .2040455E+00 .8556819E+00
.1764126E-03 .2732075E-03 .8336835E-03 .3489312E-02 .2158032E-01 .2000589E+00 .8347882E+00
.5503933E-02 .7873855E-02 .1469911E-01 .2881047E-01 .6936100E-01 .2370348E+00 .5817306E+00
.1369385E-01 .8481961E-01 .4521306E-02 .1385752E-01 .7582456E-01 .5228904E+00 .1727925E+01
.6535157E-03 .1006825E-02 .3071481E-02 .1277188E-01 .7496655E-01 .5162219E+00 .1695077E+01
.1056844E-01 .1512021E-01 .2814794E-01 .5504811E-01 .1334492E+00 .4403862E+00 .7164186E+00
.2104190E-01 .1214710E+00 .1335641E-01 .4722698E-01 .2271987E+00 .1147811E+01 .2773724E+01
.2421667E-02 .3687551E-02 .1123143E-01 .4556156E-01 .2258071E+00 .1137217E+01 .2725342E+01
.2026955E-01 .2901956E-01 .5378789E-01 .1053576E+00 .2652776E+00 .6383907E+00 .7902434E+00
.3613582E-01 .1791635E+00 .4328073E-01 .1511892E+00 .5711174E+00 .2080773E+01 .3351030E+01
.8959766E-02 .1327930E-01 .4005863E-01 .1485406E+00 .5688329E+00 .2064938E+01 .3283625E+01
.3883287E-01 .5574378E-01 .1028878E+00 .2056271E+00 .5052207E+00 .7501108E+00 .7958335E+00
.7367556E-01 .2768299E+00 .1363027E+00 .3975713E+00 .1270559E+01 .2939109E+01 .2915046E+01
.3277580E-01 .4558928E-01 .1312744E+00 .3933442E+00 .1266806E+01 .2916613E+01 .2822881E+01
.7453219E-01 .1077935E+00 .2001515E+00 .4147285E+00 .6847131E+00 .7979012E+00 .7348342E+00
.1770505E+00 .4479091E+00 .3579688E+00 .9543635E+00 .2271489E+01 .3095086E+01 .2560390E+01
.1137255E+00 .1376972E+00 .3500926E+00 .9473250E+00 .2265759E+01 .3063623E+01 .2432944E+01
.1453905E+00 .2127410E+00 .4029711E+00 .6488702E+00 .7761106E+00 .7751671E+00 .6903447E+00
.4358372E+00 .7225211E+00 .8537398E+00 .1854482E+01 .3126474E+01 .2743980E+01 .2566651E+01
.3345863E+00 .3277763E+00 .8408464E+00 .1843715E+01 .3118088E+01 .2700653E+01 .2396794E+01
.2978545E+00 .4185154E+00 .6484595E+00 .7556208E+00 .8114988E+00 .7257568E+00 .7213783E+00
.9940696E+00 .1140660E+01 .1682716E+01 .2857055E+01 .3071032E+01 .2553421E+01 .2099910E+01
.8320646E+00 .6770860E+00 .1663229E+01 .2841288E+01 .3059135E+01 .2494324E+01 .1876543E+01
.5433813E+00 .6366058E+00 .7586601E+00 .8126538E+00 .7756138E+00 .7040511E+00 .7153177E+00
.1901282E+01 .1687783E+01 .2656873E+01 .3226669E+01 .2540548E+01 .2459685E+01 .2301976E+01
.1672982E+01 .1167183E+01 .2628561E+01 .3204081E+01 .2523955E+01 .2379801E+01 .2015760E+01
.6896889E+00 .7725816E+00 .8199493E+00 .8070663E+00 .7114252E+00 .7120274E+00 .7646669E+00
.2935670E+01 .2206934E+01 .3114139E+01 .2597008E+01 .2740218E+01 .2178666E+01 .2187227E+01
.2632942E+01 .1654186E+01 .3073796E+01 .2565560E+01 .2716998E+01 .2072554E+01 .1829127E+01
.7747671E+00 .8391105E+00 .8217832E+00 .7309917E+00 .7275381E+00 .7241426E+00 .7717200E+00
.3471025E+01 .2390227E+01 .2589331E+01 .2713469E+01 .2260369E+01 .2248740E+01 .2085504E+01
.3080529E+01 .1814780E+01 .2533226E+01 .2669523E+01 .2228178E+01 .2109713E+01 .1651317E+01
.8036026E+00 .8654994E+00 .7575731E+00 .7337768E+00 .6951312E+00 .7682869E+00 .7988405E+00
.2951857E+01 .2157679E+01 .2647684E+01 .2423992E+01 .2292012E+01 .2155475E+01 .2155655E+01
.2479243E+01 .1566090E+01 .2569558E+01 .2363235E+01 .2247527E+01 .1977531E+01 .1650331E+01
.7577498E+00 .8526565E+00 .7545588E+00 .7012301E+00 .7455835E+00 .7688909E+00 .8215690E+00
.2403995E+01 .2267629E+01 .2618629E+01 .2159154E+01 .2218405E+01 .2150483E+01 .2147666E+01
.1851946E+01 .1655930E+01 .2511428E+01 .2075774E+01 .2157384E+01 .1929756E+01 .1590383E+01
.7384287E+00 .8669021E+00 .7381143E+00 .7214680E+00 .7615590E+00 .7974014E+00 .8432298E+00
.2496700E+01 .2421577E+01 .2136879E+01 .2216522E+01 .2172044E+01 .2105511E+01 .2025350E+01
.1868151E+01 .1784358E+01 .1991441E+01 .2104071E+01 .2088876E+01 .1841755E+01 .1434777E+01
.8134526E+00 .8793555E+00 .7239377E+00 .7672544E+00 .7753202E+00 .8140962E+00 .8513102E+00
.2260802E+01 .2202245E+01 .2271551E+01 .2180364E+01 .2113087E+01 .2089951E+01 .2053613E+01
.1558277E+01 .1535203E+01 .2078486E+01 .2028687E+01 .2001000E+01 .1782881E+01 .1442389E+01
.8404778E+00 .8718907E+00 .7826824E+00 .7754659E+00 .7978072E+00 .8311173E+00 .8594062E+00
.2277622E+01 .2206074E+01 .2199203E+01 .2104973E+01 .2101611E+01 .2076158E+01 .2056732E+01
.1513761E+01 .1505446E+01 .1949796E+01 .1905604E+01 .1954027E+01 .1726855E+01 .1438409E+01
.8823183E+00 .8945990E+00 .8057829E+00 .8007032E+00 .8178012E+00 .8417352E+00 .8652548E+00
.2196705E+01 .2113200E+01 .2170819E+01 .2107806E+01 .2080128E+01 .2061285E+01 .2029787E+01
.1369513E+01 .1379875E+01 .1854894E+01 .1855796E+01 .1891193E+01 .1671610E+01 .1411297E+01
.9016835E+00 .9121289E+00 .8356342E+00 .8293264E+00 .8270557E+00 .8510847E+00 .8683622E+00
.2161093E+01 .2099470E+01 .2112943E+01 .2084864E+01 .2068963E+01 .2043647E+01 .2021370E+01
.1278004E+01 .1334691E+01 .1723133E+01 .1771055E+01 .1828644E+01 .1616574E+01 .1405670E+01
.9231653E+00 .9241338E+00 .8576989E+00 .8440111E+00 .8383737E+00 .8580888E+00 .8735307E+00
.2125800E+01 .2099625E+01 .2092700E+01 .2071405E+01 .2054945E+01 .2041103E+01 .2030609E+01
.1204232E+01 .1303374E+01 .1623659E+01 .1685720E+01 .1755093E+01 .1579010E+01 .1418044E+01
.9389029E+00 .9348664E+00 .8744809E+00 .8588240E+00 .8491277E+00 .8649146E+00 .8761583E+00
.2102326E+01 .2087358E+01 .2074456E+01 .2053087E+01 .2044097E+01 .2032549E+01 .2020826E+01
.1157622E+01 .1261907E+01 .1521707E+01 .1591759E+01 .1678647E+01 .1537416E+01 .1410733E+01
.9499134E+00 .9439761E+00 .8933394E+00 .8713300E+00 .8578215E+00 .8692077E+00 .8761143E+00
.9096511E-02 .5639247E-01 .2035369E-02 .4597311E-02 .2370419E-01 .2191260E+00 .9104832E+00
.1771489E-03 .2807951E-03 .8958637E-03 .3719774E-02 .2301349E-01 .2140689E+00 .8837712E+00
.5499247E-02 .7819835E-02 .1462956E-01 .2867909E-01 .6901765E-01 .2364421E+00 .5811134E+00
.1322242E-01 .7959945E-01 .4938319E-02 .1494795E-01 .8142632E-01 .5631249E+00 .1819591E+01
.6562440E-03 .1035684E-02 .3305620E-02 .1365159E-01 .8033890E-01 .5545504E+00 .1777845E+01
.1055925E-01 .1501237E-01 .2800671E-01 .5477321E-01 .1327562E+00 .4398580E+00 .7113952E+00
.2036816E-01 .1143757E+00 .1452046E-01 .5091172E-01 .2446934E+00 .1227080E+01 .2867600E+01
.2431827E-02 .3800382E-02 .1212179E-01 .4891740E-01 .2429297E+00 .1213569E+01 .2806289E+01
.2025117E-01 .2879811E-01 .5349334E-01 .1047819E+00 .2645031E+00 .6354956E+00 .7851629E+00
.3515884E-01 .1699791E+00 .4709396E-01 .1635073E+00 .6177440E+00 .2190721E+01 .3361209E+01
.8998282E-02 .1374224E-01 .4344228E-01 .1603253E+00 .6148198E+00 .2170643E+01 .3275272E+01
.3879467E-01 .5527127E-01 .1022726E+00 .2046505E+00 .5053943E+00 .7438725E+00 .7867549E+00
.7226285E-01 .2668080E+00 .1489441E+00 .4306515E+00 .1363824E+01 .3014509E+01 .2785223E+01
.3293086E-01 .4759752E-01 .1432140E+00 .4255401E+00 .1359015E+01 .2985857E+01 .2667484E+01
.7444685E-01 .1067640E+00 .1990928E+00 .4150382E+00 .6799182E+00 .7901101E+00 .7090888E+00
.1752891E+00 .4433782E+00 .3919076E+00 .1036623E+01 .2397423E+01 .3040120E+01 .2504876E+01
.1144488E+00 .1460914E+00 .3828642E+00 .1028004E+01 .2390134E+01 .3000172E+01 .2346061E+01
.1451760E+00 .2108156E+00 .4032891E+00 .6459982E+00 .7694062E+00 .7539471E+00 .6631988E+00
.4353018E+00 .7378000E+00 .9392480E+00 .1980886E+01 .3201126E+01 .2632019E+01 .2644234E+01
.3380112E+00 .3544087E+00 .9242302E+00 .1967788E+01 .3190485E+01 .2577365E+01 .2432224E+01
.2973545E+00 .4184710E+00 .6463989E+00 .7489039E+00 .8029330E+00 .6957574E+00 .7224046E+00
.1001635E+01 .1207163E+01 .1818882E+01 .2978706E+01 .2966936E+01 .2531693E+01 .2131292E+01
.8449157E+00 .7497402E+00 .1796290E+01 .2959562E+01 .2951765E+01 .2456735E+01 .1853990E+01
.5434843E+00 .6388773E+00 .7512765E+00 .8058658E+00 .7513576E+00 .6835761E+00 .7074205E+00
.1928548E+01 .1815579E+01 .2800382E+01 .3198326E+01 .2402558E+01 .2495405E+01 .2259849E+01
.1706558E+01 .1296375E+01 .2767625E+01 .3170870E+01 .2381406E+01 .2395032E+01 .1906107E+01
.6879599E+00 .7680983E+00 .8124970E+00 .7923311E+00 .6724824E+00 .7025425E+00 .7529929E+00
.2983602E+01 .2366380E+01 .3116646E+01 .2406562E+01 .2756541E+01 .2199382E+01 .2208727E+01
.2688334E+01 .1810565E+01 .3069856E+01 .2368212E+01 .2727085E+01 .2065879E+01 .1764759E+01
.7727058E+00 .8369176E+00 .8078420E+00 .6858864E+00 .7153552E+00 .7116584E+00 .7674234E+00
.3511262E+01 .2456503E+01 .2398036E+01 .2687383E+01 .2338834E+01 .2222701E+01 .2165662E+01
.3128080E+01 .1875992E+01 .2332911E+01 .2634207E+01 .2297937E+01 .2049885E+01 .1636458E+01
.8018356E+00 .8561435E+00 .7129223E+00 .7139983E+00 .6881239E+00 .7533626E+00 .8102686E+00
.2907766E+01 .2071260E+01 .2587582E+01 .2501411E+01 .2263605E+01 .2174901E+01 .2132148E+01
.2440843E+01 .1470785E+01 .2497542E+01 .2427843E+01 .2207263E+01 .1954328E+01 .1528121E+01
.7504284E+00 .8238570E+00 .7283259E+00 .6952220E+00 .7275661E+00 .7617501E+00 .8255612E+00
.2345621E+01 .2233717E+01 .2653374E+01 .2117395E+01 .2201588E+01 .2152750E+01 .2052652E+01
.1798475E+01 .1611344E+01 .2529681E+01 .2016719E+01 .2124417E+01 .1883059E+01 .1392005E+01
.7229766E+00 .8522299E+00 .7277052E+00 .6972620E+00 .7473241E+00 .7943332E+00 .8416083E+00
.2533103E+01 .2383614E+01 .2164377E+01 .2257239E+01 .2137563E+01 .2114935E+01 .2077259E+01
.1906925E+01 .1733994E+01 .1996994E+01 .2121526E+01 .2032762E+01 .1794077E+01 .1378884E+01
.8139461E+00 .8700243E+00 .7050995E+00 .7574410E+00 .7622090E+00 .8144251E+00 .8669683E+00
.2265864E+01 .2242066E+01 .2249215E+01 .2183930E+01 .2124570E+01 .2086443E+01 .2033360E+01
.1563166E+01 .1560002E+01 .2027618E+01 .2002023E+01 .1983982E+01 .1714793E+01 .1315171E+01
.8357524E+00 .8649473E+00 .7677515E+00 .7661724E+00 .7934761E+00 .8293848E+00 .8685151E+00
.2267863E+01 .2162882E+01 .2185275E+01 .2152213E+01 .2099544E+01 .2069695E+01 .2057812E+01
.1501966E+01 .1446005E+01 .1899989E+01 .1914752E+01 .1915608E+01 .1648578E+01 .1333629E+01
.8790559E+00 .8892552E+00 .7956608E+00 .8007992E+00 .8106283E+00 .8408021E+00 .8766024E+00
.2202476E+01 .2127481E+01 .2147539E+01 .2110549E+01 .2084117E+01 .2057032E+01 .2028299E+01
.1371852E+01 .1376999E+01 .1789067E+01 .1810550E+01 .1849274E+01 .1589908E+01 .1305341E+01
.8990995E+00 .9111792E+00 .8303690E+00 .8241235E+00 .8212421E+00 .8522779E+00 .8793094E+00
.2162404E+01 .2114451E+01 .2107611E+01 .2095968E+01 .2066147E+01 .2046467E+01 .2036391E+01
.1275386E+01 .1331566E+01 .1669828E+01 .1724895E+01 .1768127E+01 .1535901E+01 .1316867E+01
.9220743E+00 .9228885E+00 .8521388E+00 .8396994E+00 .8334128E+00 .8608494E+00 .8858613E+00
.2130319E+01 .2088577E+01 .2092699E+01 .2072620E+01 .2052693E+01 .2041423E+01 .2041632E+01
.1204828E+01 .1273449E+01 .1569363E+01 .1620711E+01 .1683025E+01 .1490216E+01 .1325539E+01
.9389162E+00 .9326517E+00 .8713685E+00 .8570194E+00 .8458689E+00 .8683120E+00 .8879347E+00
.2104104E+01 .2073624E+01 .2076118E+01 .2054907E+01 .2042979E+01 .2027981E+01 .2022426E+01
.1156420E+01 .1230164E+01 .1465765E+01 .1520020E+01 .1596112E+01 .1439213E+01 .1309029E+01
.9502679E+00 .9421344E+00 .8920969E+00 .8709746E+00 .8567990E+00 .8733257E+00 .8868138E+00
.8705293E-02 .5200396E-01 .2256201E-02 .5036172E-02 .2556955E-01 .2363235E+00 .9727327E+00
.1780472E-03 .2926973E-03 .9706810E-03 .3995110E-02 .2471039E-01 .2300305E+00 .9392584E+00
.5498813E-02 .7824056E-02 .1464203E-01 .2868690E-01 .6901018E-01 .2373630E+00 .5822162E+00
.1267061E-01 .7354267E-01 .5431138E-02 .1623906E-01 .8797448E-01 .6092280E+00 .1922048E+01
.6595753E-03 .1080603E-02 .3586901E-02 .1469865E-01 .8662165E-01 .5984196E+00 .1870086E+01
.1055825E-01 .1501721E-01 .2802533E-01 .5477522E-01 .1327965E+00 .4413027E+00 .7062059E+00
.1958129E-01 .1061389E+00 .1590353E-01 .5525420E-01 .2646534E+00 .1316834E+01 .2972383E+01
.2444250E-02 .3973183E-02 .1318797E-01 .5287907E-01 .2624602E+00 .1299939E+01 .2896258E+01
.2024857E-01 .2879604E-01 .5351581E-01 .1047857E+00 .2655662E+00 .6337979E+00 .7796412E+00
.3402311E-01 .1593153E+00 .5161414E-01 .1777656E+00 .6716009E+00 .2313061E+01 .3381803E+01
.9045447E-02 .1442901E-01 .4746504E-01 .1739680E+00 .6679244E+00 .2288059E+01 .3274457E+01
.3878688E-01 .5523289E-01 .1023154E+00 .2050424E+00 .5080662E+00 .7373439E+00 .7774044E+00
.7063623E-01 .2551955E+00 .1636947E+00 .4682639E+00 .1468661E+01 .3102689E+01 .2650852E+01
.3312023E-01 .5041890E-01 .1571545E+00 .4621230E+00 .1462624E+01 .3066924E+01 .2504119E+01
.7442006E-01 .1066335E+00 .1995596E+00 .4185592E+00 .6755909E+00 .7816041E+00 .6813976E+00
.1732922E+00 .4381373E+00 .4306220E+00 .1130362E+01 .2537786E+01 .2997643E+01 .2435085E+01
.1153122E+00 .1570384E+00 .4202199E+00 .1119900E+01 .2528685E+01 .2947899E+01 .2239188E+01
.1450757E+00 .2109939E+00 .4072960E+00 .6437381E+00 .7623443E+00 .7320410E+00 .6355937E+00
.4345877E+00 .7551115E+00 .1038002E+01 .2121565E+01 .3288418E+01 .2514436E+01 .2648004E+01
.3418829E+00 .3868647E+00 .1020496E+01 .2105771E+01 .3275157E+01 .2446152E+01 .2386322E+01
.2971501E+00 .4238144E+00 .6452926E+00 .7423900E+00 .7933153E+00 .6619794E+00 .7210533E+00
.1009744E+01 .1285484E+01 .1971567E+01 .3112554E+01 .2873384E+01 .2481004E+01 .2189031E+01
.8591896E+00 .8366147E+00 .1945372E+01 .3089499E+01 .2854426E+01 .2388709E+01 .1847483E+01
.5445623E+00 .6443011E+00 .7445287E+00 .7976748E+00 .7256362E+00 .6607335E+00 .7185825E+00
.1958205E+01 .1962771E+01 .2956757E+01 .3183368E+01 .2269580E+01 .2532159E+01 .2190902E+01
.1743588E+01 .1447476E+01 .2918847E+01 .3150296E+01 .2243073E+01 .2407229E+01 .1758228E+01
.6859735E+00 .7641218E+00 .8039447E+00 .7764548E+00 .6293436E+00 .7025184E+00 .7417394E+00
.3036164E+01 .2544700E+01 .3130780E+01 .2231862E+01 .2717174E+01 .2224529E+01 .2234691E+01
.2749395E+01 .1986677E+01 .3076571E+01 .2185606E+01 .2680429E+01 .2060926E+01 .1703041E+01
.7703896E+00 .8323139E+00 .7926669E+00 .6378358E+00 .6967199E+00 .7088414E+00 .7888539E+00
.3559123E+01 .2535064E+01 .2216675E+01 .2632362E+01 .2434001E+01 .2171227E+01 .2173924E+01
.3184718E+01 .1950073E+01 .2140892E+01 .2568304E+01 .2383061E+01 .1959067E+01 .1543519E+01
.7989683E+00 .8435294E+00 .6639801E+00 .6831713E+00 .6952730E+00 .7429765E+00 .8314198E+00
.2872909E+01 .1991562E+01 .2516784E+01 .2540263E+01 .2224782E+01 .2180843E+01 .2105680E+01
.2413458E+01 .1381876E+01 .2412722E+01 .2451826E+01 .2154594E+01 .1914369E+01 .1390784E+01
.7432226E+00 .7890515E+00 .6905761E+00 .6979563E+00 .7062814E+00 .7685741E+00 .8494406E+00
.2279310E+01 .2207796E+01 .2628113E+01 .2158293E+01 .2210962E+01 .2148295E+01 .2158771E+01
.1737751E+01 .1573091E+01 .2485735E+01 .2037298E+01 .2115190E+01 .1823918E+01 .1386111E+01
.7071310E+00 .8294745E+00 .7206078E+00 .6884517E+00 .7446790E+00 .8023300E+00 .8827827E+00
.2550960E+01 .2311657E+01 .2257047E+01 .2239456E+01 .2157218E+01 .2116642E+01 .2111063E+01
.1928637E+01 .1646643E+01 .2064472E+01 .2077190E+01 .2027312E+01 .1732896E+01 .1301251E+01
.8114435E+00 .8588673E+00 .7073375E+00 .7468710E+00 .7634273E+00 .8213228E+00 .8983033E+00
.2288056E+01 .2275038E+01 .2171282E+01 .2166141E+01 .2126821E+01 .2092604E+01 .2060330E+01
.1586256E+01 .1576228E+01 .1916945E+01 .1949679E+01 .1954004E+01 .1650575E+01 .1229945E+01
.8356604E+00 .8688514E+00 .7447528E+00 .7635643E+00 .7958692E+00 .8358045E+00 .8998567E+00
.2245788E+01 .2121104E+01 .2172104E+01 .2150727E+01 .2104285E+01 .2070652E+01 .2029893E+01
.1476313E+01 .1385124E+01 .1846058E+01 .1869706E+01 .1879672E+01 .1572584E+01 .1195076E+01
.8746363E+00 .8776918E+00 .7948290E+00 .8038277E+00 .8089669E+00 .8496241E+00 .9022527E+00
.2212488E+01 .2160519E+01 .2109566E+01 .2123530E+01 .2082535E+01 .2056011E+01 .2017626E+01
.1378300E+01 .1391263E+01 .1704430E+01 .1770818E+01 .1796295E+01 .1504967E+01 .1185647E+01
.9000898E+00 .9127338E+00 .8262039E+00 .8263414E+00 .8190747E+00 .8616847E+00 .9055044E+00
.2159719E+01 .2129424E+01 .2109767E+01 .2090001E+01 .2067705E+01 .2042305E+01 .2013106E+01
.1268281E+01 .1325653E+01 .1617485E+01 .1656433E+01 .1705625E+01 .1442172E+01 .1184983E+01
.9228883E+00 .9217783E+00 .8497271E+00 .8396559E+00 .8334846E+00 .8717220E+00 .9099485E+00
.2126865E+01 .2102275E+01 .2086112E+01 .2075863E+01 .2053219E+01 .2034463E+01 .2034579E+01
.1197951E+01 .1266386E+01 .1501460E+01 .1550689E+01 .1606047E+01 .1387952E+01 .1210105E+01
.9401769E+00 .9328798E+00 .8714785E+00 .8596883E+00 .8478962E+00 .8804536E+00 .9123554E+00
.2104447E+01 .2078534E+01 .2071264E+01 .2059058E+01 .2041908E+01 .2033259E+01 .2018004E+01
.1154234E+01 .1214878E+01 .1397289E+01 .1442865E+01 .1505787E+01 .1344337E+01 .1196356E+01
.9513114E+00 .9424059E+00 .8936032E+00 .8762471E+00 .8616334E+00 .8877332E+00 .9113215E+00
.7729722E-02 .4127289E-01 .2806199E-02 .6143918E-02 .3028095E-01 .2771887E+00 .1119671E+01
.1804486E-03 .3355499E-03 .1165890E-02 .4704711E-02 .2901127E-01 .2678889E+00 .1069752E+01
.5516928E-02 .8076244E-02 .1500057E-01 .2927994E-01 .7037891E-01 .2449173E+00 .5896399E+00
.1129710E-01 .5872235E-01 .6677413E-02 .1951291E-01 .1041677E+00 .7189850E+00 .2156756E+01
.6684893E-03 .1241121E-02 .4318562E-02 .1737784E-01 .1021700E+00 .7027223E+00 .2080416E+01
.1059278E-01 .1549697E-01 .2870954E-01 .5591677E-01 .1358206E+00 .4504429E+00 .6974175E+00
.1762996E-01 .8597158E-01 .1943114E-01 .6615699E-01 .3119735E+00 .1526841E+01 .3200302E+01
.2477535E-02 .4581016E-02 .1594379E-01 .6285520E-01 .3087400E+00 .1501745E+01 .3089651E+01
.2031364E-01 .2970163E-01 .5483183E-01 .1071285E+00 .2746321E+00 .6347103E+00 .7686309E+00
.3122827E-01 .1332193E+00 .6307376E-01 .2123522E+00 .8028506E+00 .2587037E+01 .3434577E+01
.9171867E-02 .1676789E-01 .5771426E-01 .2070663E+00 .7972976E+00 .2550289E+01 .3277513E+01
.3890626E-01 .5693495E-01 .1049928E+00 .2111344E+00 .5204080E+00 .7254751E+00 .7599988E+00
.6669625E-01 .2269169E+00 .1999407E+00 .5578734E+00 .1713378E+01 .3308537E+01 .2400812E+01
.3362398E-01 .5945976E-01 .1914422E+00 .5491830E+00 .1704355E+01 .3255863E+01 .2188793E+01
.7462499E-01 .1099698E+00 .2063047E+00 .4363768E+00 .6698514E+00 .7636923E+00 .6430345E+00
.1685768E+00 .4252702E+00 .5230757E+00 .1348096E+01 .2858566E+01 .2971409E+01 .2252399E+01
.1175219E+00 .1888257E+00 .5093079E+00 .1333210E+01 .2845026E+01 .2897118E+01 .1960525E+01
.1453758E+00 .2193774E+00 .4277373E+00 .6402187E+00 .7499550E+00 .6958561E+00 .6367213E+00
.4325196E+00 .7961702E+00 .1272345E+01 .2438124E+01 .3497667E+01 .2336386E+01 .2522690E+01
.3509657E+00 .4734900E+00 .1248859E+01 .2415845E+01 .3477940E+01 .2235577E+01 .2149342E+01
.2979663E+00 .4519835E+00 .6435912E+00 .7326668E+00 .7714893E+00 .6271962E+00 .7408753E+00
.1027078E+01 .1475014E+01 .2321504E+01 .3414968E+01 .2743647E+01 .2323770E+01 .2362162E+01
.8918166E+00 .1056647E+01 .2286591E+01 .3382327E+01 .2715560E+01 .2187464E+01 .1885904E+01
.5501109E+00 .6568066E+00 .7361957E+00 .7792681E+00 .6785866E+00 .6438394E+00 .7740200E+00
.2022182E+01 .2311321E+01 .3298536E+01 .3204188E+01 .2088442E+01 .2503722E+01 .2208528E+01
.1826448E+01 .1814754E+01 .3248063E+01 .3157344E+01 .2048903E+01 .2324221E+01 .1620418E+01
.6813897E+00 .7639080E+00 .7853422E+00 .7433182E+00 .5908077E+00 .7221252E+00 .8140221E+00
.3153100E+01 .2950670E+01 .3191716E+01 .1990394E+01 .2514671E+01 .2301198E+01 .2160264E+01
.2886975E+01 .2393543E+01 .3119687E+01 .1924604E+01 .2459752E+01 .2072918E+01 .1484734E+01
.7656461E+00 .8198013E+00 .7590843E+00 .5741923E+00 .6763409E+00 .7563195E+00 .8679618E+00
.3671209E+01 .2725078E+01 .1954477E+01 .2504421E+01 .2479597E+01 .2192073E+01 .2146942E+01
.3318514E+01 .2131125E+01 .1853623E+01 .2413174E+01 .2403981E+01 .1907362E+01 .1365378E+01
.7902362E+00 .8131902E+00 .5904895E+00 .6682062E+00 .7129475E+00 .7930676E+00 .8975440E+00
.2845618E+01 .1888831E+01 .2395636E+01 .2412831E+01 .2316393E+01 .2160597E+01 .2127508E+01
.2406623E+01 .1261588E+01 .2256482E+01 .2288050E+01 .2212982E+01 .1810431E+01 .1271227E+01
.7251620E+00 .7289524E+00 .6703042E+00 .6883786E+00 .7571057E+00 .8206391E+00 .9259470E+00
.2164357E+01 .2217162E+01 .2378639E+01 .2380287E+01 .2188424E+01 .2146273E+01 .2088156E+01
.1638332E+01 .1554114E+01 .2189339E+01 .2211803E+01 .2050598E+01 .1729274E+01 .1178219E+01
.6881622E+00 .8170928E+00 .6878235E+00 .7501039E+00 .7860486E+00 .8449924E+00 .9447704E+00
.2516380E+01 .2131469E+01 .2436045E+01 .2165607E+01 .2163528E+01 .2112715E+01 .2095230E+01
.1906490E+01 .1430581E+01 .2183421E+01 .1944510E+01 .1983574E+01 .1625667E+01 .1154620E+01
.8086426E+00 .8255681E+00 .7531044E+00 .7894096E+00 .8024003E+00 .8621722E+00 .9581706E+00
.2329383E+01 .2248779E+01 .2172191E+01 .2212971E+01 .2116704E+01 .2089866E+01 .2065301E+01
.1636814E+01 .1508129E+01 .1849215E+01 .1930637E+01 .1881552E+01 .1537740E+01 .1114782E+01
.8422460E+00 .8725148E+00 .7939091E+00 .8125923E+00 .8191442E+00 .8824335E+00 .9654040E+00
.2243180E+01 .2178395E+01 .2174702E+01 .2137459E+01 .2104499E+01 .2072357E+01 .2045492E+01
.1486284E+01 .1398285E+01 .1778301E+01 .1775186E+01 .1801809E+01 .1456117E+01 .1095482E+01
.8825693E+00 .8957652E+00 .8247976E+00 .8283719E+00 .8341487E+00 .8979076E+00 .9681021E+00
.2198379E+01 .2112505E+01 .2138987E+01 .2120853E+01 .2077934E+01 .2058826E+01 .2044665E+01
.1368102E+01 .1301513E+01 .1648060E+01 .1669935E+01 .1691719E+01 .1383275E+01 .1098958E+01
.9069801E+00 .9065401E+00 .8468206E+00 .8529444E+00 .8503096E+00 .9117208E+00 .9692024E+00
.2158296E+01 .2114541E+01 .2096960E+01 .2091702E+01 .2069094E+01 .2046638E+01 .2046459E+01
.1271148E+01 .1264538E+01 .1498482E+01 .1540334E+01 .1587835E+01 .1315511E+01 .1105217E+01
.9267049E+00 .9228626E+00 .8755518E+00 .8728239E+00 .8699764E+00 .9237419E+00 .9694735E+00
.2129106E+01 .2098624E+01 .2091892E+01 .2066659E+01 .2051954E+01 .2037672E+01 .2025818E+01
.1200615E+01 .1216984E+01 .1390899E+01 .1408447E+01 .1466570E+01 .1254088E+01 .1087877E+01
.9421402E+00 .9364920E+00 .8998861E+00 .8958374E+00 .8886289E+00 .9342738E+00 .9694752E+00
.2101802E+01 .2075252E+01 .2075880E+01 .2054440E+01 .2042540E+01 .2028611E+01 .2025569E+01
.1151275E+01 .1166286E+01 .1281444E+01 .1297421E+01 .1351744E+01 .1198035E+01 .1090263E+01
.9519819E+00 .9481531E+00 .9239448E+00 .9186761E+00 .9088281E+00 .9440860E+00 .9696357E+00
.6458588E-02 .2773587E-01 .3520255E-02 .7610536E-02 .3650742E-01 .3268976E+00 .1295722E+01
.1839068E-03 .4166696E-03 .1437012E-02 .5672761E-02 .3472337E-01 .3137995E+00 .1225573E+01
.5571056E-02 .8756365E-02 .1592912E-01 .3088233E-01 .7415054E-01 .2612983E+00 .6023883E+00
.9512205E-02 .4001217E-01 .8331817E-02 .2386924E-01 .1248210E+00 .8500544E+00 .2423767E+01
.6813305E-03 .1543141E-02 .5329514E-02 .2098905E-01 .1220199E+00 .8272013E+00 .2318146E+01
.1069651E-01 .1679918E-01 .3049335E-01 .5902601E-01 .1438250E+00 .4672153E+00 .6945176E+00
.1510773E-01 .6050023E-01 .2416390E-01 .8040230E-01 .3690218E+00 .1770965E+01 .3442384E+01
.2525476E-02 .5710207E-02 .1971044E-01 .7594332E-01 .3644894E+00 .1736024E+01 .3291857E+01
.2051146E-01 .3218840E-01 .5828725E-01 .1134344E+00 .2945064E+00 .6409349E+00 .7595114E+00
.2765539E-01 .1003217E+00 .7825004E-01 .2551194E+00 .9662129E+00 .2890295E+01 .3447524E+01
.9353412E-02 .2099785E-01 .7137970E-01 .2479900E+00 .9582682E+00 .2839401E+01 .3239119E+01
.3927930E-01 .6169036E-01 .1119590E+00 .2258786E+00 .5389769E+00 .7184582E+00 .7391493E+00
.6177096E-01 .1915663E+00 .2455262E+00 .6694552E+00 .2005329E+01 .3530127E+01 .2369493E+01
.3433621E-01 .7492500E-01 .2346034E+00 .6574537E+00 .1992612E+01 .3457693E+01 .2071520E+01
.7531142E-01 .1193394E+00 .2223528E+00 .4674477E+00 .6695710E+00 .7457327E+00 .6201970E+00
.1628908E+00 .4085120E+00 .6383186E+00 .1595374E+01 .3213323E+01 .2997013E+01 .2164894E+01
.1204766E+00 .2378080E+00 .6201638E+00 .1575251E+01 .3194341E+01 .2895897E+01 .1782542E+01
.1465940E+00 .2405733E+00 .4637496E+00 .6380577E+00 .7432098E+00 .6707376E+00 .6829068E+00
.4294778E+00 .8489646E+00 .1542582E+01 .2788257E+01 .3727892E+01 .2314869E+01 .2444657E+01
.3617867E+00 .6007155E+00 .1512133E+01 .2758099E+01 .3700073E+01 .2176412E+01 .1956665E+01
.3008578E+00 .4996740E+00 .6407246E+00 .7288082E+00 .7514118E+00 .6359156E+00 .8192822E+00
.1045136E+01 .1695583E+01 .2712453E+01 .3753162E+01 .2702182E+01 .2242491E+01 .2272428E+01
.9297258E+00 .1346791E+01 .2667006E+01 .3708430E+01 .2662662E+01 .2063531E+01 .1714670E+01
.5600827E+00 .6623735E+00 .7350208E+00 .7641954E+00 .6324914E+00 .7137612E+00 .8370716E+00
.2086570E+01 .2710261E+01 .3691812E+01 .3227989E+01 .2096621E+01 .2336061E+01 .2276473E+01
.1917107E+01 .2264891E+01 .3624843E+01 .3164670E+01 .2041342E+01 .2110839E+01 .1595945E+01
.6764956E+00 .7694927E+00 .7708262E+00 .7102750E+00 .6135741E+00 .7843856E+00 .8466071E+00
.3281541E+01 .3427375E+01 .3276687E+01 .1923026E+01 .2362949E+01 .2282719E+01 .2184455E+01
.3043870E+01 .2896770E+01 .3181961E+01 .1834479E+01 .2285852E+01 .2005213E+01 .1418199E+01
.7611600E+00 .8109368E+00 .7251409E+00 .5611119E+00 .7510231E+00 .7909492E+00 .8967620E+00
.3792709E+01 .2935076E+01 .1915737E+01 .2497898E+01 .2258965E+01 .2236504E+01 .2099798E+01
.3469941E+01 .2334401E+01 .1783481E+01 .2375295E+01 .2155684E+01 .1901418E+01 .1253504E+01
.7800361E+00 .7871676E+00 .5605613E+00 .7467892E+00 .7749158E+00 .8129108E+00 .9217779E+00
.2862203E+01 .1936782E+01 .2480822E+01 .2189610E+01 .2289509E+01 .2194491E+01 .2138831E+01
.2449051E+01 .1289195E+01 .2301544E+01 .2025704E+01 .2157597E+01 .1794137E+01 .1228937E+01
.7028175E+00 .6998488E+00 .7503379E+00 .7813663E+00 .7689868E+00 .8467100E+00 .9425237E+00
.2131085E+01 .2387190E+01 .2124452E+01 .2286192E+01 .2265173E+01 .2123481E+01 .2091084E+01
.1627947E+01 .1708625E+01 .1888322E+01 .2081581E+01 .2095378E+01 .1657816E+01 .1147268E+01
.6745966E+00 .8545221E+00 .7878388E+00 .7817600E+00 .8004191E+00 .8686167E+00 .9570350E+00
.2498848E+01 .2055491E+01 .2241786E+01 .2307622E+01 .2148181E+01 .2113859E+01 .2081278E+01
.1908901E+01 .1342893E+01 .1950899E+01 .2044774E+01 .1927175E+01 .1580758E+01 .1123310E+01
.8263089E+00 .8728300E+00 .7934029E+00 .7978770E+00 .8282500E+00 .8849337E+00 .9638766E+00
.2273431E+01 .2099295E+01 .2310364E+01 .2195153E+01 .2121956E+01 .2088929E+01 .2060558E+01
.1607128E+01 .1343650E+01 .1942441E+01 .1860942E+01 .1842076E+01 .1491565E+01 .1100559E+01
.8549619E+00 .8792511E+00 .8077864E+00 .8451762E+00 .8392012E+00 .9015473E+00 .9673772E+00
.2275535E+01 .2184376E+01 .2213207E+01 .2110597E+01 .2107033E+01 .2071758E+01 .2041350E+01
.1524040E+01 .1378250E+01 .1753559E+01 .1697963E+01 .1751163E+01 .1414035E+01 .1086526E+01
.8737183E+00 .8982539E+00 .8586048E+00 .8554118E+00 .8585551E+00 .9144760E+00 .9681975E+00
.2213167E+01 .2168675E+01 .2104054E+01 .2120253E+01 .2080306E+01 .2057564E+01 .2038586E+01
.1391378E+01 .1322299E+01 .1553971E+01 .1609164E+01 .1634937E+01 .1343531E+01 .1089388E+01
.9052201E+00 .9238698E+00 .8756218E+00 .8791993E+00 .8753319E+00 .9257569E+00 .9685782E+00
.2153707E+01 .2103795E+01 .2124775E+01 .2087755E+01 .2067159E+01 .2044720E+01 .2030911E+01
.1271362E+01 .1224688E+01 .1468408E+01 .1472558E+01 .1521143E+01 .1277768E+01 .1086605E+01
.9286978E+00 .9353252E+00 .9003853E+00 .8992186E+00 .8934746E+00 .9358626E+00 .9690740E+00
.2128466E+01 .2098701E+01 .2088608E+01 .2072151E+01 .2053220E+01 .2036903E+01 .2024920E+01
.1201236E+01 .1188105E+01 .1328674E+01 .1353351E+01 .1401514E+01 .1220805E+01 .1084056E+01
.9421740E+00 .9451021E+00 .9234512E+00 .9197316E+00 .9117433E+00 .9450839E+00 .9691081E+00
.2101557E+01 .2070030E+01 .2075634E+01 .2056674E+01 .2043077E+01 .2029621E+01 .2022242E+01
.1152009E+01 .1132769E+01 .1227797E+01 .1245634E+01 .1290683E+01 .1170539E+01 .1084105E+01
.9519982E+00 .9562995E+00 .9434080E+00 .9381816E+00 .9299590E+00 .9530855E+00 .9693426E+00
.5020078E-02 .1299952E-01 .4323249E-02 .9293408E-02 .4360990E-01 .3796802E+00 .1476816E+01
.1882421E-03 .5381735E-03 .1763763E-02 .6817764E-02 .4127100E-01 .3623994E+00 .1385663E+01
.5660551E-02 .9811494E-02 .1734368E-01 .3337520E-01 .8003716E-01 .2837091E+00 .6158094E+00
.7497958E-02 .1963155E-01 .1023529E-01 .2888198E-01 .1474042E+00 .9828410E+00 .2681110E+01
.6974138E-03 .1993593E-02 .6540132E-02 .2519785E-01 .1437415E+00 .9533460E+00 .2546040E+01
.1086810E-01 .1882007E-01 .3321014E-01 .6385391E-01 .1560725E+00 .4875823E+00 .6993466E+00
.1227747E-01 .3275657E-01 .2965483E-01 .9640595E-01 .4288199E+00 .2010178E+01 .3702016E+01
.2585377E-02 .7379623E-02 .2416048E-01 .9070398E-01 .4228768E+00 .1965437E+01 .3507693E+01
.2083911E-01 .3604934E-01 .6354221E-01 .1231326E+00 .3219476E+00 .6494885E+00 .7559560E+00
.2369197E-01 .6459796E-01 .9552835E-01 .3003893E+00 .1136467E+01 .3189279E+01 .3540224E+01
.9578668E-02 .2713535E-01 .8703667E-01 .2912860E+00 .1125977E+01 .3123164E+01 .3272161E+01
.3989928E-01 .6907209E-01 .1224747E+00 .2475232E+00 .5575500E+00 .7182428E+00 .7242598E+00
.5643147E-01 .1535044E+00 .2945117E+00 .7930696E+00 .2298252E+01 .3748890E+01 .2476479E+01
.3520149E-01 .9645033E-01 .2809964E+00 .7773530E+00 .2281724E+01 .3654151E+01 .2102669E+01
.7646296E-01 .1337879E+00 .2456744E+00 .5022352E+00 .6737079E+00 .7340005E+00 .6231535E+00
.1569519E+00 .3890857E+00 .7667477E+00 .1836321E+01 .3540088E+01 .3063191E+01 .2362820E+01
.1238632E+00 .3007472E+00 .7436252E+00 .1810863E+01 .3515559E+01 .2933355E+01 .1898403E+01
.1486861E+00 .2716524E+00 .5044462E+00 .6397841E+00 .7421907E+00 .6473090E+00 .7083232E+00
.4258835E+00 .9135614E+00 .1802952E+01 .3135113E+01 .3901473E+01 .2393111E+01 .2419598E+01
.3729350E+00 .7703815E+00 .1765633E+01 .3096559E+01 .3865805E+01 .2221296E+01 .1880431E+01
.3054602E+00 .5467317E+00 .6401907E+00 .7302323E+00 .7368477E+00 .6313122E+00 .8251598E+00
.1061622E+01 .1913741E+01 .3088214E+01 .4036770E+01 .2698887E+01 .2348856E+01 .2318020E+01
.9685285E+00 .1696855E+01 .3031863E+01 .3980421E+01 .2647759E+01 .2139279E+01 .1697773E+01
.5716450E+00 .6604250E+00 .7370862E+00 .7565642E+00 .6015771E+00 .7210634E+00 .8459127E+00
.2138598E+01 .3115563E+01 .4041458E+01 .3220660E+01 .2269041E+01 .2344702E+01 .2222312E+01
.2000641E+01 .2806670E+01 .3958737E+01 .3140587E+01 .2197175E+01 .2092504E+01 .1508038E+01
.6725738E+00 .7621975E+00 .7642908E+00 .6759151E+00 .6172898E+00 .7808972E+00 .8757978E+00
.3400580E+01 .3842686E+01 .3291792E+01 .2015255E+01 .2429408E+01 .2271947E+01 .2165229E+01
.3198798E+01 .3431698E+01 .3175583E+01 .1901945E+01 .2331386E+01 .1968123E+01 .1369457E+01
.7569998E+00 .7931761E+00 .6976335E+00 .5495883E+00 .7454598E+00 .8060282E+00 .9056136E+00
.3898408E+01 .3048090E+01 .1974154E+01 .2650531E+01 .2250298E+01 .2194044E+01 .2136560E+01
.3617695E+01 .2523647E+01 .1813134E+01 .2497973E+01 .2128660E+01 .1833337E+01 .1265105E+01
.7704150E+00 .7388933E+00 .5525480E+00 .7565019E+00 .7615239E+00 .8302060E+00 .9311362E+00
.2868929E+01 .2049690E+01 .2679528E+01 .2271558E+01 .2218597E+01 .2164126E+01 .2101770E+01
.2496236E+01 .1415711E+01 .2464445E+01 .2076783E+01 .2069598E+01 .1737614E+01 .1173029E+01
.6803400E+00 .6655795E+00 .7697942E+00 .7698799E+00 .7873922E+00 .8556250E+00 .9522588E+00
.2150825E+01 .2630203E+01 .2201196E+01 .2282808E+01 .2184765E+01 .2126907E+01 .2088987E+01
.1675765E+01 .1929025E+01 .1938080E+01 .2053327E+01 .1992133E+01 .1630545E+01 .1122376E+01
.6592339E+00 .8572727E+00 .7785389E+00 .7950731E+00 .8113222E+00 .8779167E+00 .9705134E+00
.2524869E+01 .2234218E+01 .2245517E+01 .2204761E+01 .2146454E+01 .2104569E+01 .2074161E+01
.1970171E+01 .1500319E+01 .1927082E+01 .1916137E+01 .1902500E+01 .1539361E+01 .1096805E+01
.8259357E+00 .8637155E+00 .8050201E+00 .8229282E+00 .8328416E+00 .9004987E+00 .9780630E+00
.2297246E+01 .2214730E+01 .2218453E+01 .2142539E+01 .2116870E+01 .2080395E+01 .2061373E+01
.1662144E+01 .1432943E+01 .1824237E+01 .1782599E+01 .1807410E+01 .1471619E+01 .1087715E+01
.8441131E+00 .8833375E+00 .8399820E+00 .8448295E+00 .8553975E+00 .9165063E+00 .9721524E+00
.2248299E+01 .2190247E+01 .2159894E+01 .2124415E+01 .2091539E+01 .2067076E+01 .2052150E+01
.1528332E+01 .1375433E+01 .1678388E+01 .1675995E+01 .1702353E+01 .1426684E+01 .1102602E+01
.8745813E+00 .9037937E+00 .8639928E+00 .8698009E+00 .8781300E+00 .9233211E+00 .9605247E+00
.2187893E+01 .2151996E+01 .2120614E+01 .2100780E+01 .2075159E+01 .2057308E+01 .2040662E+01
.1387864E+01 .1309251E+01 .1539197E+01 .1551223E+01 .1648816E+01 .1373022E+01 .1097214E+01
.9018983E+00 .9160804E+00 .8899731E+00 .8963138E+00 .8918586E+00 .9216887E+00 .9688359E+00
.2156516E+01 .2115594E+01 .2095242E+01 .2079685E+01 .2064136E+01 .2047717E+01 .2031543E+01
.1289378E+01 .1247296E+01 .1405677E+01 .1478340E+01 .1566654E+01 .1313654E+01 .1082661E+01
.9232133E+00 .9253531E+00 .9169769E+00 .9128098E+00 .8984639E+00 .9297977E+00 .9704371E+00
.2125723E+01 .2087596E+01 .2074627E+01 .2066721E+01 .2055516E+01 .2036113E+01 .2026401E+01
.1209684E+01 .1194624E+01 .1348841E+01 .1408400E+01 .1462592E+01 .1246883E+01 .1086574E+01
.9393416E+00 .9354423E+00 .9317970E+00 .9229564E+00 .9004534E+00 .9430478E+00 .9689803E+00
.2100543E+01 .2071443E+01 .2065013E+01 .2058611E+01 .2044661E+01 .2028742E+01 .2020723E+01
.1154887E+01 .1220706E+01 .1299522E+01 .1304980E+01 .1357066E+01 .1193712E+01 .1081322E+01
.9520703E+00 .9341939E+00 .9402500E+00 .9272900E+00 .9214353E+00 .9503888E+00 .9691351E+00
