.2954858E-02 .6612185E-02 .1330449E-01 .2321835E-01 .1057621E-01
.2124901E-08 .2641653E-07 .7549236E-06 .1428498E-05 .7986124E-05
.1127707E-04 .7052060E-04 .2869127E-03 .6732927E-03 .1535105E-02
.4098418E-02 .9171554E-02 .1847261E-01 .3222620E-01 .1472657E-01
.7862360E-08 .9774052E-07 .2793592E-05 .5282319E-05 .2952350E-04
.2169175E-04 .1356465E-03 .5518208E-03 .1295041E-02 .2951935E-02
.5684896E-02 .1272289E-01 .2567543E-01 .4476082E-01 .2059730E-01
.2909217E-07 .3616332E-06 .1033863E-04 .1952152E-04 .1090485E-03
.4172436E-04 .2609109E-03 .1061210E-02 .2490869E-02 .5675082E-02
.7886432E-02 .1765297E-01 .3576154E-01 .6225828E-01 .2909020E-01
.1076506E-06 .1337985E-05 .3826671E-04 .7205735E-04 .4020312E-03
.8025609E-04 .5018334E-03 .2040455E-02 .4790810E-02 .1090640E-01
.1094308E-01 .2450353E-01 .5001747E-01 .8683407E-01 .4196176E-01
.3983728E-06 .4950076E-05 .1416555E-03 .2653034E-03 .1475929E-02
.1543669E-03 .9651535E-03 .3922179E-02 .9214938E-02 .2095232E-01
.1519132E-01 .3404100E-01 .7053736E-01 .1217555E+00 .6323491E-01
.1474431E-05 .1831153E-04 .5243063E-03 .9714343E-03 .5362738E-02
.2968981E-03 .1855998E-02 .7536269E-02 .1773179E-01 .4026591E-01
.2110764E-01 .4737200E-01 .1011036E+00 .1724116E+00 .1031459E+00
.5458520E-05 .6772200E-04 .1937856E-02 .3512540E-02 .1895730E-01
.5709772E-03 .3568300E-02 .1447633E-01 .3417658E-01 .7769660E-01
.2938003E-01 .6615988E-01 .1494011E+00 .2481934E+00 .1864172E+00
.2021799E-04 .2503097E-03 .7117600E-02 .1232117E-01 .6219583E-01
.1097880E-02 .6857830E-02 .2782989E-01 .6624415E-01 .1524231E+00
.4103902E-01 .9309664E-01 .2322836E+00 .3645625E+00 .3563292E+00
.7495218E-04 .9237740E-03 .2554915E-01 .4005998E-01 .1736947E+00
.2110380E-02 .1317350E-01 .5379636E-01 .1305478E+00 .3079161E+00
.5773204E-01 .1330777E+00 .3846432E+00 .5378503E+00 .6764130E+00
.2782860E-03 .3394782E-02 .8527226E-01 .1096155E+00 .4056301E+00
.4054706E-02 .2529963E-01 .1061118E+00 .2656748E+00 .5667013E+00
.8237872E-01 .1963182E+00 .6603418E+00 .7833719E+00 .1242472E+01
.1035715E-02 .1231539E-01 .2393613E+00 .2414981E+00 .8565606E+00
.7785427E-02 .4867618E-01 .2178925E+00 .5102669E+00 .7224442E+00
.1209056E+00 .3057618E+00 .1113250E+01 .1134293E+01 .2014003E+01
.3866016E-02 .4284383E-01 .5387911E+00 .4715128E+00 .1493747E+01
.1494301E-01 .9463829E-01 .4202316E+00 .7091691E+00 .8194023E+00
.1870653E+00 .5041530E+00 .1750711E+01 .1575979E+01 .2824239E+01
.1443009E-01 .1314812E+00 .1023437E+01 .8036469E+00 .2153917E+01
.2873159E-01 .1904730E+00 .6206045E+00 .8147719E+00 .8705044E+00
.3148045E+00 .8440242E+00 .2459590E+01 .2055810E+01 .3193360E+01
.5279308E-01 .3326427E+00 .1598241E+01 .1184828E+01 .2365284E+01
.5584021E-01 .3821554E+00 .7384364E+00 .8775002E+00 .8915058E+00
.5757441E+00 .1378211E+01 .2973997E+01 .2410246E+01 .2755997E+01
.1749782E+00 .7148868E+00 .2001172E+01 .1452688E+01 .1787381E+01
.1125699E+00 .5802158E+00 .8066480E+00 .9110961E+00 .8843219E+00
.1043244E+01 .2028836E+01 .3051069E+01 .2441074E+01 .2261259E+01
.4508312E+00 .1221344E+01 .1998102E+01 .1413322E+01 .1194043E+01
.2327149E+00 .7321497E+00 .8365424E+00 .9237871E+00 .8907562E+00
.1641964E+01 .2621051E+01 .2699455E+01 .2288545E+01 .2339170E+01
.8696481E+00 .1692397E+01 .1603504E+01 .1213133E+01 .1236475E+01
.3827633E+00 .8154629E+00 .8466155E+00 .9307536E+00 .9423881E+00
.2233508E+01 .2785330E+01 .2370191E+01 .2243348E+01 .2224067E+01
.1312726E+01 .1758056E+01 .1271502E+01 .1149687E+01 .1134181E+01
.5161467E+00 .8531734E+00 .8624086E+00 .9491529E+00 .9595707E+00
.2762466E+01 .2503484E+01 .2342278E+01 .2197052E+01 .2192303E+01
.1695697E+01 .1402659E+01 .1261456E+01 .1112868E+01 .1125958E+01
.6632625E+00 .8550391E+00 .9046752E+00 .9614087E+00 .9661034E+00
.3003871E+01 .2401368E+01 .2281668E+01 .2162501E+01 .2152750E+01
.1894892E+01 .1270313E+01 .1225267E+01 .1101482E+01 .1111454E+01
.7042898E+00 .8961654E+00 .9255307E+00 .9671975E+00 .9694841E+00
.2934525E-02 .6674650E-02 .1336677E-01 .2339466E-01 .1054107E-01
.2127003E-08 .2683465E-07 .7538564E-06 .1438105E-05 .7990545E-05
.1126541E-04 .6990931E-04 .2869108E-03 .6684482E-03 .1535378E-02
.4070216E-02 .9258229E-02 .1855902E-01 .3247165E-01 .1467768E-01
.7870136E-08 .9928795E-07 .2789643E-05 .5317897E-05 .2954004E-04
.2166932E-04 .1344704E-03 .5518171E-03 .1285710E-02 .2952457E-02
.5645778E-02 .1284321E-01 .2579535E-01 .4510372E-01 .2052906E-01
.2912096E-07 .3673613E-06 .1032403E-04 .1965337E-04 .1091110E-03
.4168119E-04 .2586478E-03 .1061203E-02 .2472874E-02 .5676071E-02
.7832168E-02 .1782015E-01 .3592811E-01 .6274059E-01 .2899450E-01
.1077573E-06 .1359197E-05 .3821273E-04 .7254665E-04 .4022720E-03
.8017303E-04 .4974770E-03 .2040439E-02 .4756022E-02 .1090825E-01
.1086779E-01 .2473622E-01 .5024919E-01 .8752125E-01 .4182650E-01
.3987682E-06 .5028691E-05 .1414564E-03 .2671226E-03 .1476885E-02
.1542070E-03 .9567619E-03 .3922141E-02 .9147383E-02 .2095566E-01
.1508683E-01 .3436594E-01 .7086085E-01 .1227583E+00 .6304206E-01
.1475900E-05 .1860331E-04 .5235757E-03 .9782121E-03 .5366705E-02
.2965901E-03 .1839813E-02 .7536172E-02 .1759948E-01 .4027150E-01
.2096252E-01 .4782880E-01 .1015591E+00 .1739375E+00 .1028712E+00
.5463996E-05 .6880786E-04 .1935219E-02 .3537782E-02 .1897422E-01
.5703829E-03 .3537003E-02 .1447604E-01 .3391334E-01 .7770390E-01
.2917823E-01 .6681051E-01 .1500567E+00 .2506659E+00 .1860387E+00
.2023855E-04 .2543706E-03 .7108534E-02 .1241383E-01 .6226007E-01
.1096730E-02 .6797025E-02 .2782887E-01 .6570572E-01 .1524248E+00
.4075783E-01 .9404737E-01 .2332827E+00 .3688277E+00 .3558013E+00
.7503046E-04 .9390890E-03 .2552245E-01 .4037941E-01 .1738309E+00
.2108144E-02 .1305429E-01 .5379199E-01 .1293977E+00 .3079567E+00
.5733883E-01 .1345363E+00 .3863590E+00 .5451026E+00 .6756096E+00
.2785921E-03 .3453296E-02 .8522517E-01 .1105418E+00 .4057208E+00
.4050312E-02 .2506185E-01 .1060896E+00 .2630922E+00 .5674020E+00
.8182596E-01 .1987550E+00 .6635651E+00 .7939088E+00 .1241704E+01
.1036973E-02 .1254205E-01 .2393477E+00 .2434179E+00 .8569287E+00
.7776623E-02 .4818671E-01 .2177848E+00 .5047192E+00 .7227115E+00
.1201248E+00 .3103444E+00 .1118350E+01 .1146685E+01 .2012135E+01
.3871658E-02 .4370944E-01 .5383836E+00 .4731908E+00 .1493636E+01
.1492470E-01 .9357479E-01 .4200322E+00 .7055856E+00 .8186897E+00
.1859735E+00 .5133461E+00 .1755674E+01 .1585056E+01 .2822926E+01
.1445910E-01 .1343264E+00 .1020157E+01 .7998213E+00 .2153864E+01
.2869069E-01 .1880198E+00 .6204005E+00 .8147613E+00 .8709487E+00
.3134297E+00 .8599736E+00 .2459029E+01 .2055471E+01 .3193508E+01
.5296684E-01 .3388726E+00 .1586598E+01 .1173608E+01 .2367008E+01
.5573646E-01 .3776163E+00 .7377213E+00 .8750631E+00 .8913779E+00
.5749318E+00 .1399622E+01 .2962988E+01 .2403241E+01 .2761421E+01
.1760279E+00 .7225139E+00 .1976437E+01 .1437243E+01 .1794033E+01
.1122546E+00 .5776880E+00 .8048325E+00 .9094442E+00 .8846034E+00
.1045612E+01 .2038722E+01 .3040131E+01 .2439277E+01 .2258746E+01
.4550288E+00 .1214009E+01 .1974983E+01 .1406050E+01 .1192362E+01
.2318398E+00 .7294089E+00 .8350174E+00 .9231528E+00 .8904129E+00
.1648530E+01 .2607491E+01 .2703391E+01 .2289710E+01 .2339034E+01
.8775699E+00 .1662336E+01 .1597267E+01 .1211537E+01 .1236747E+01
.3822390E+00 .8127146E+00 .8460757E+00 .9304030E+00 .9423993E+00
.2239221E+01 .2771601E+01 .2377754E+01 .2243401E+01 .2222409E+01
.1318605E+01 .1730997E+01 .1271054E+01 .1148692E+01 .1132670E+01
.5163362E+00 .8497809E+00 .8622201E+00 .9489542E+00 .9595096E+00
.2763470E+01 .2514190E+01 .2336369E+01 .2196757E+01 .2193602E+01
.1697872E+01 .1404155E+01 .1250044E+01 .1112294E+01 .1127286E+01
.6614970E+00 .8546725E+00 .9031095E+00 .9613463E+00 .9661254E+00
.3005942E+01 .2393878E+01 .2285843E+01 .2162490E+01 .2153021E+01
.1897432E+01 .1257147E+01 .1226463E+01 .1101425E+01 .1111721E+01
.7039465E+00 .8948177E+00 .9255054E+00 .9671872E+00 .9694860E+00
.2912437E-02 .6742373E-02 .1343461E-01 .2358636E-01 .1050281E-01
.2129349E-08 .2729630E-07 .7527170E-06 .1449133E-05 .7995429E-05
.1125379E-04 .6929305E-04 .2868977E-03 .6634921E-03 .1535678E-02
.4039580E-02 .9352202E-02 .1865314E-01 .3273853E-01 .1462442E-01
.7878821E-08 .1009965E-06 .2785428E-05 .5358741E-05 .2955831E-04
.2164696E-04 .1332847E-03 .5517917E-03 .1276164E-02 .2953031E-02
.5603284E-02 .1297367E-01 .2592598E-01 .4547658E-01 .2045473E-01
.2915311E-07 .3736857E-06 .1030844E-04 .1980475E-04 .1091800E-03
.4163818E-04 .2563663E-03 .1061153E-02 .2454464E-02 .5677161E-02
.7773219E-02 .1800142E-01 .3610953E-01 .6326506E-01 .2889026E-01
.1078763E-06 .1382618E-05 .3815510E-04 .7310837E-04 .4025376E-03
.8009026E-04 .4930852E-03 .2040343E-02 .4720435E-02 .1091029E-01
.1078600E-01 .2498854E-01 .5050155E-01 .8826859E-01 .4167922E-01
.3992096E-06 .5115488E-05 .1412437E-03 .2692110E-03 .1477938E-02
.1540477E-03 .9483021E-03 .3921949E-02 .9078283E-02 .2095937E-01
.1497331E-01 .3471837E-01 .7121311E-01 .1238491E+00 .6283217E-01
.1477539E-05 .1892545E-04 .5227954E-03 .9859945E-03 .5371061E-02
.2962831E-03 .1823496E-02 .7535777E-02 .1746418E-01 .4027779E-01
.2080485E-01 .4832443E-01 .1020549E+00 .1755978E+00 .1025724E+00
.5470105E-05 .7000664E-04 .1932400E-02 .3566779E-02 .1899272E-01
.5697906E-03 .3505452E-02 .1447517E-01 .3364430E-01 .7771255E-01
.2895899E-01 .6751693E-01 .1507697E+00 .2533573E+00 .1856277E+00
.2026148E-04 .2588533E-03 .7098836E-02 .1252046E-01 .6233005E-01
.1095584E-02 .6735726E-02 .2782669E-01 .6515615E-01 .1524294E+00
.4045232E-01 .9508100E-01 .2343669E+00 .3734731E+00 .3552333E+00
.7511764E-04 .9559919E-03 .2549379E-01 .4074899E-01 .1739831E+00
.2105915E-02 .1293411E-01 .5378529E-01 .1282270E+00 .3080041E+00
.5691154E-01 .1361257E+00 .3882120E+00 .5530152E+00 .6747839E+00
.2789321E-03 .3517851E-02 .8517391E-01 .1116293E+00 .4058707E+00
.4045932E-02 .2482223E-01 .1060627E+00 .2604683E+00 .5680849E+00
.8122507E-01 .2014200E+00 .6670274E+00 .8054784E+00 .1240897E+01
.1038364E-02 .1279186E-01 .2393302E+00 .2457197E+00 .8573873E+00
.7767842E-02 .4769398E-01 .2176686E+00 .4989803E+00 .7229123E+00
.1192753E+00 .3153775E+00 .1123824E+01 .1160252E+01 .2010272E+01
.3877859E-02 .4466078E-01 .5379710E+00 .4755793E+00 .1493625E+01
.1490641E-01 .9250747E-01 .4198129E+00 .7008619E+00 .8180224E+00
.1847834E+00 .5234664E+00 .1760970E+01 .1594904E+01 .2820976E+01
.1449070E-01 .1374266E+00 .1016749E+01 .7979281E+00 .2153504E+01
.2864980E-01 .1855760E+00 .6201484E+00 .8124088E+00 .8711537E+00
.3119214E+00 .8775658E+00 .2458264E+01 .2054929E+01 .3193102E+01
.5315456E-01 .3455232E+00 .1574474E+01 .1163059E+01 .2368275E+01
.5563259E-01 .3730673E+00 .7369628E+00 .8729172E+00 .8912479E+00
.5740029E+00 .1422013E+01 .2951519E+01 .2395475E+01 .2767475E+01
.1771586E+00 .7296036E+00 .1952746E+01 .1422533E+01 .1801343E+01
.1119398E+00 .5743513E+00 .8026693E+00 .9080041E+00 .8851203E+00
.1048160E+01 .2048535E+01 .3029088E+01 .2437302E+01 .2256826E+01
.4595937E+00 .1207398E+01 .1952541E+01 .1399892E+01 .1191329E+01
.2309706E+00 .7255684E+00 .8337494E+00 .9227656E+00 .8902928E+00
.1655831E+01 .2593378E+01 .2707623E+01 .2291161E+01 .2337703E+01
.8864431E+00 .1632667E+01 .1592876E+01 .1210976E+01 .1235968E+01
.3816538E+00 .8095207E+00 .8459812E+00 .9302604E+00 .9422436E+00
.2245629E+01 .2758680E+01 .2384840E+01 .2243266E+01 .2221640E+01
.1325450E+01 .1707314E+01 .1271686E+01 .1147812E+01 .1132094E+01
.5163867E+00 .8469565E+00 .8625748E+00 .9488099E+00 .9594690E+00
.2764496E+01 .2522962E+01 .2331374E+01 .2196441E+01 .2195291E+01
.1700022E+01 .1405571E+01 .1241210E+01 .1111777E+01 .1129013E+01
.6598011E+00 .8550327E+00 .9016144E+00 .9613019E+00 .9661638E+00
.3007732E+01 .2388437E+01 .2288801E+01 .2162430E+01 .2153534E+01
.1899956E+01 .1247941E+01 .1227046E+01 .1101334E+01 .1112233E+01
.7033278E+00 .8933961E+00 .9257961E+00 .9671731E+00 .9694914E+00
.2879602E-02 .6842787E-02 .1353581E-01 .2387166E-01 .1044572E-01
.2132960E-08 .2799692E-07 .7510620E-06 .1466677E-05 .8002847E-05
.1123803E-04 .6845016E-04 .2868600E-03 .6565872E-03 .1536135E-02
.3994038E-02 .9491538E-02 .1879354E-01 .3313572E-01 .1454497E-01
.7892184E-08 .1035894E-06 .2779305E-05 .5423713E-05 .2958606E-04
.2161665E-04 .1316631E-03 .5517189E-03 .1262865E-02 .2953904E-02
.5540114E-02 .1316711E-01 .2612083E-01 .4603151E-01 .2034386E-01
.2920258E-07 .3832838E-06 .1028579E-04 .2004555E-04 .1092848E-03
.4157986E-04 .2532457E-03 .1061013E-02 .2428816E-02 .5678820E-02
.7685589E-02 .1827022E-01 .3638014E-01 .6404568E-01 .2873479E-01
.1080595E-06 .1418161E-05 .3807138E-04 .7400203E-04 .4029402E-03
.7997804E-04 .4870782E-03 .2040069E-02 .4670858E-02 .1091341E-01
.1066441E-01 .2536272E-01 .5087795E-01 .8938105E-01 .4145959E-01
.3998887E-06 .5247212E-05 .1409349E-03 .2725342E-03 .1479532E-02
.1538316E-03 .9367309E-03 .3921413E-02 .8982030E-02 .2096508E-01
.1480455E-01 .3524112E-01 .7173843E-01 .1254732E+00 .6251935E-01
.1480061E-05 .1941432E-04 .5216618E-03 .9983820E-03 .5377634E-02
.2958669E-03 .1801177E-02 .7534705E-02 .1727576E-01 .4028761E-01
.2057047E-01 .4905983E-01 .1027941E+00 .1780705E+00 .1021276E+00
.5479501E-05 .7182588E-04 .1928306E-02 .3612977E-02 .1902053E-01
.5689876E-03 .3462297E-02 .1447294E-01 .3326987E-01 .7772679E-01
.2863307E-01 .6856582E-01 .1518317E+00 .2573670E+00 .1850167E+00
.2029671E-04 .2656558E-03 .7084748E-02 .1269075E-01 .6243487E-01
.1094030E-02 .6651884E-02 .2782165E-01 .6439241E-01 .1524410E+00
.3999810E-01 .9661764E-01 .2359783E+00 .3803963E+00 .3543965E+00
.7525144E-04 .9816386E-03 .2545217E-01 .4134337E-01 .1742165E+00
.2102893E-02 .1276976E-01 .5377189E-01 .1266049E+00 .3080811E+00
.5627617E-01 .1384939E+00 .3909532E+00 .5648228E+00 .6736191E+00
.2794527E-03 .3615771E-02 .8509954E-01 .1134062E+00 .4061641E+00
.4039990E-02 .2449466E-01 .1060169E+00 .2568416E+00 .5689942E+00
.8033131E-01 .2054045E+00 .6721215E+00 .8228286E+00 .1239715E+01
.1040485E-02 .1317050E-01 .2393082E+00 .2495580E+00 .8581319E+00
.7755922E-02 .4702121E-01 .2174928E+00 .4909657E+00 .7230947E+00
.1180109E+00 .3229318E+00 .1131868E+01 .1180531E+01 .2007673E+01
.3887245E-02 .4609906E-01 .5374281E+00 .4800196E+00 .1493721E+01
.1488156E-01 .9105545E-01 .4194751E+00 .6933469E+00 .8171833E+00
.1830089E+00 .5386650E+00 .1768726E+01 .1609548E+01 .2817509E+01
.1453807E-01 .1420740E+00 .1011995E+01 .7972290E+00 .2152626E+01
.2859411E-01 .1822809E+00 .6197226E+00 .8076911E+00 .8711939E+00
.3096596E+00 .9039091E+00 .2457064E+01 .2054100E+01 .3192012E+01
.5343327E-01 .3553028E+00 .1557389E+01 .1149178E+01 .2369635E+01
.5549089E-01 .3669284E+00 .7359342E+00 .8707413E+00 .8911506E+00
.5725598E+00 .1453780E+01 .2935468E+01 .2383773E+01 .2776730E+01
.1788306E+00 .7389162E+00 .1921089E+01 .1402251E+01 .1812571E+01
.1115122E+00 .5689859E+00 .7996684E+00 .9059835E+00 .8859216E+00
.1051920E+01 .2062717E+01 .3013153E+01 .2434171E+01 .2255264E+01
.4663958E+00 .1199347E+01 .1921663E+01 .1391732E+01 .1191214E+01
.2298008E+00 .7197935E+00 .8322023E+00 .9223364E+00 .8902642E+00
.1666883E+01 .2574142E+01 .2712859E+01 .2293570E+01 .2334244E+01
.8999633E+00 .1593432E+01 .1586708E+01 .1211016E+01 .1233318E+01
.3807799E+00 .8051376E+00 .8462062E+00 .9301193E+00 .9420737E+00
.2255351E+01 .2740363E+01 .2394410E+01 .2242829E+01 .2221948E+01
.1336222E+01 .1674849E+01 .1273767E+01 .1146501E+01 .1132732E+01
.5162090E+00 .8439036E+00 .8633597E+00 .9486022E+00 .9594696E+00
.2766050E+01 .2533861E+01 .2325328E+01 .2196021E+01 .2197851E+01
.1703031E+01 .1407253E+01 .1230691E+01 .1111136E+01 .1131647E+01
.6576390E+00 .8561282E+00 .8997676E+00 .9612092E+00 .9662157E+00
.3009792E+01 .2382067E+01 .2291775E+01 .2162329E+01 .2154398E+01
.1903411E+01 .1236626E+01 .1227505E+01 .1101197E+01 .1113099E+01
.7020931E+00 .8921911E+00 .9257712E+00 .9671563E+00 .9695038E+00
.2834009E-02 .6981697E-02 .1367703E-01 .2426847E-01 .1036604E-01
.2138218E-08 .2899839E-07 .7488414E-06 .1493338E-05 .8013467E-05
.1121868E-04 .6740361E-04 .2867757E-03 .6477785E-03 .1536790E-02
.3930801E-02 .9684296E-02 .1898946E-01 .3368817E-01 .1443409E-01
.7911644E-08 .1072957E-06 .2771090E-05 .5522455E-05 .2962576E-04
.2157942E-04 .1296496E-03 .5515565E-03 .1245898E-02 .2955157E-02
.5452399E-02 .1343472E-01 .2639274E-01 .4680337E-01 .2018914E-01
.2927461E-07 .3970033E-06 .1025541E-04 .2041154E-04 .1094346E-03
.4150824E-04 .2493712E-03 .1060699E-02 .2396097E-02 .5681206E-02
.7563910E-02 .1864210E-01 .3675775E-01 .6513151E-01 .2851786E-01
.1083263E-06 .1468967E-05 .3795907E-04 .7536040E-04 .4035152E-03
.7984020E-04 .4796198E-03 .2039462E-02 .4607617E-02 .1091791E-01
.1049559E-01 .2588047E-01 .5140313E-01 .9092865E-01 .4115324E-01
.4008775E-06 .5435499E-05 .1405205E-03 .2775866E-03 .1481802E-02
.1535663E-03 .9223638E-03 .3920231E-02 .8859263E-02 .2097337E-01
.1457022E-01 .3596458E-01 .7247129E-01 .1277329E+00 .6208325E-01
.1483732E-05 .2011312E-04 .5201415E-03 .1017226E-02 .5386966E-02
.2953556E-03 .1773466E-02 .7532370E-02 .1703551E-01 .4030215E-01
.2024501E-01 .5007802E-01 .1038248E+00 .1815121E+00 .1015083E+00
.5493171E-05 .7442622E-04 .1922817E-02 .3683345E-02 .1905981E-01
.5680011E-03 .3408713E-02 .1446820E-01 .3279283E-01 .7774910E-01
.2818047E-01 .7001919E-01 .1533112E+00 .2629502E+00 .1841681E+00
.2034793E-04 .2753786E-03 .7065882E-02 .1295097E-01 .6258229E-01
.1092121E-02 .6547783E-02 .2781146E-01 .6342127E-01 .1524654E+00
.3936730E-01 .9875002E-01 .2382173E+00 .3900390E+00 .3532464E+00
.7544564E-04 .1018293E-02 .2539661E-01 .4225883E-01 .1745532E+00
.2099178E-02 .1256573E-01 .5374711E-01 .1245510E+00 .3082009E+00
.5539368E-01 .1417889E+00 .3947410E+00 .5812860E+00 .6720934E+00
.2802061E-03 .3755684E-02 .8500193E-01 .1161861E+00 .4066784E+00
.4032683E-02 .2408820E-01 .1059424E+00 .2522734E+00 .5700987E+00
.7908957E-01 .2109706E+00 .6791148E+00 .8471358E+00 .1238081E+01
.1043538E-02 .1371108E-01 .2392949E+00 .2556504E+00 .8592421E+00
.7741249E-02 .4618786E-01 .2172398E+00 .4809069E+00 .7231969E+00
.1162530E+00 .3335278E+00 .1142897E+01 .1208853E+01 .2004281E+01
.3900639E-02 .4814656E-01 .5368194E+00 .4875029E+00 .1494005E+01
.1485091E-01 .8926629E-01 .4189836E+00 .6834789E+00 .8162563E+00
.1805374E+00 .5599611E+00 .1779344E+01 .1629965E+01 .2812007E+01
.1460485E-01 .1486232E+00 .1005970E+01 .7982505E+00 .2150981E+01
.2852519E-01 .1782766E+00 .6190661E+00 .8016783E+00 .8709493E+00
.3064895E+00 .9405583E+00 .2455509E+01 .2053120E+01 .3189865E+01
.5382131E-01 .3687954E+00 .1535243E+01 .1132633E+01 .2370894E+01
.5531496E-01 .3595425E+00 .7348057E+00 .8681224E+00 .8911708E+00
.5704609E+00 .1495627E+01 .2914905E+01 .2367426E+01 .2789685E+01
.1811443E+00 .7505777E+00 .1881233E+01 .1375524E+01 .1828624E+01
.1109843E+00 .5618044E+00 .7963486E+00 .9036381E+00 .8868036E+00
.1057100E+01 .2081810E+01 .2991580E+01 .2429313E+01 .2255376E+01
.4758727E+00 .1189354E+01 .1882358E+01 .1380997E+01 .1193671E+01
.2283833E+00 .7128100E+00 .8302395E+00 .9218152E+00 .8901065E+00
.1682469E+01 .2550066E+01 .2718346E+01 .2297244E+01 .2327116E+01
.9191728E+00 .1545511E+01 .1578176E+01 .1211938E+01 .1227448E+01
.3795937E+00 .7993715E+00 .8468810E+00 .9299859E+00 .9416906E+00
.2269165E+01 .2715832E+01 .2406693E+01 .2241899E+01 .2224598E+01
.1352136E+01 .1632322E+01 .1277532E+01 .1144533E+01 .1135942E+01
.5155871E+00 .8409433E+00 .8647083E+00 .9483537E+00 .9594698E+00
.2768297E+01 .2546423E+01 .2318317E+01 .2195584E+01 .2201068E+01
.1707087E+01 .1409257E+01 .1218023E+01 .1110425E+01 .1135000E+01
.6551044E+00 .8574891E+00 .8983106E+00 .9611332E+00 .9662707E+00
.3011594E+01 .2375868E+01 .2294349E+01 .2162218E+01 .2155468E+01
.1907712E+01 .1224407E+01 .1227158E+01 .1101054E+01 .1114177E+01
.6997885E+00 .8914055E+00 .9256917E+00 .9671214E+00 .9695198E+00
.2773753E-02 .7164344E-02 .1386492E-01 .2479406E-01 .1026000E-01
.2145603E-08 .3037334E-07 .7460465E-06 .1532734E-05 .8028081E-05
.1119706E-04 .6621196E-04 .2866152E-03 .6373448E-03 .1537692E-02
.3847226E-02 .9937749E-02 .1925013E-01 .3441991E-01 .1428654E-01
.7938976E-08 .1123842E-06 .2760750E-05 .5668365E-05 .2968038E-04
.2153783E-04 .1273569E-03 .5512475E-03 .1225802E-02 .2956885E-02
.5336475E-02 .1378660E-01 .2675450E-01 .4782579E-01 .1998325E-01
.2937578E-07 .4158395E-06 .1021716E-04 .2095239E-04 .1096406E-03
.4142822E-04 .2449594E-03 .1060103E-02 .2357344E-02 .5684503E-02
.7403098E-02 .1913113E-01 .3726014E-01 .6656992E-01 .2822924E-01
.1087010E-06 .1538720E-05 .3781773E-04 .7736809E-04 .4043043E-03
.7968621E-04 .4711271E-03 .2038310E-02 .4532717E-02 .1092415E-01
.1027246E-01 .2656139E-01 .5210181E-01 .9297898E-01 .4074580E-01
.4022659E-06 .5694006E-05 .1399992E-03 .2850564E-03 .1484910E-02
.1532698E-03 .9060040E-03 .3917993E-02 .8713882E-02 .2098497E-01
.1426053E-01 .3691628E-01 .7344607E-01 .1307274E+00 .6150373E-01
.1488885E-05 .2107252E-04 .5182296E-03 .1045104E-02 .5399681E-02
.2947844E-03 .1741910E-02 .7527979E-02 .1675112E-01 .4032288E-01
.1981486E-01 .5141808E-01 .1051953E+00 .1860743E+00 .1006865E+00
.5512352E-05 .7799635E-04 .1915922E-02 .3787591E-02 .1911301E-01
.5668988E-03 .3347693E-02 .1445940E-01 .3222871E-01 .7778271E-01
.2758227E-01 .7193372E-01 .1552761E+00 .2703539E+00 .1830455E+00
.2041974E-04 .2887274E-03 .7042246E-02 .1333772E-01 .6278081E-01
.1089988E-02 .6429235E-02 .2779304E-01 .6227586E-01 .1525109E+00
.3853352E-01 .1015638E+00 .2411820E+00 .4028282E+00 .3517424E+00
.7571742E-04 .1068613E-02 .2532756E-01 .4362942E-01 .1750178E+00
.2095024E-02 .1233340E-01 .5370467E-01 .1221434E+00 .3083808E+00
.5422708E-01 .1461497E+00 .3997245E+00 .6031378E+00 .6701976E+00
.2812571E-03 .3947723E-02 .8488562E-01 .1203956E+00 .4075042E+00
.4024503E-02 .2362570E-01 .1058266E+00 .2469752E+00 .5713463E+00
.7744761E-01 .2183706E+00 .6882457E+00 .8795438E+00 .1235914E+01
.1047772E-02 .1445247E-01 .2393184E+00 .2648989E+00 .8607964E+00
.7724788E-02 .4524189E-01 .2168892E+00 .4695864E+00 .7231725E+00
.1139270E+00 .3476737E+00 .1157273E+01 .1246524E+01 .2000053E+01
.3919024E-02 .5094508E-01 .5362698E+00 .4990704E+00 .1494585E+01
.1481639E-01 .8725097E-01 .4183060E+00 .6730187E+00 .8153401E+00
.1772610E+00 .5883011E+00 .1793202E+01 .1657223E+01 .2804024E+01
.1469518E-01 .1574672E+00 .9989314E+00 .8015499E+00 .2148348E+01
.2844709E-01 .1738657E+00 .6181572E+00 .7959754E+00 .8703487E+00
.3022596E+00 .9887957E+00 .2453910E+01 .2052332E+01 .3185989E+01
.5433806E-01 .3866151E+00 .1508341E+01 .1113890E+01 .2371705E+01
.5511442E-01 .3516654E+00 .7339308E+00 .8645769E+00 .8912799E+00
.5675532E+00 .1548266E+01 .2890190E+01 .2345951E+01 .2806260E+01
.1841985E+00 .7650573E+00 .1832967E+01 .1341838E+01 .1849782E+01
.1103869E+00 .5539621E+00 .7935055E+00 .9010799E+00 .8875276E+00
.1063886E+01 .2106138E+01 .2963949E+01 .2421993E+01 .2258731E+01
.4884442E+00 .1177067E+01 .1834872E+01 .1366962E+01 .1200395E+01
.2268329E+00 .7058367E+00 .8278197E+00 .9210419E+00 .8899971E+00
.1703284E+01 .2522317E+01 .2722879E+01 .2302443E+01 .2314628E+01
.9450446E+00 .1490049E+01 .1566596E+01 .1213887E+01 .1216977E+01
.3781234E+00 .7923899E+00 .8481161E+00 .9300198E+00 .9406539E+00
.2287971E+01 .2683877E+01 .2422410E+01 .2240306E+01 .2231313E+01
.1374616E+01 .1579538E+01 .1283104E+01 .1141768E+01 .1143427E+01
.5143301E+00 .8378518E+00 .8668795E+00 .9479760E+00 .9597244E+00
.2771647E+01 .2558776E+01 .2311624E+01 .2195312E+01 .2204036E+01
.1712879E+01 .1410155E+01 .1204523E+01 .1109884E+01 .1138165E+01
.6521611E+00 .8583618E+00 .8977487E+00 .9609672E+00 .9663535E+00
.3012412E+01 .2371636E+01 .2295436E+01 .2162179E+01 .2156199E+01
.1912597E+01 .1213915E+01 .1224353E+01 .1100986E+01 .1114924E+01
.6960291E+00 .8899660E+00 .9261861E+00 .9670809E+00 .9695286E+00
.2697073E-02 .7395213E-02 .1410612E-01 .2546485E-01 .1012382E-01
.2155722E-08 .3220856E-07 .7427241E-06 .1589841E-05 .8047653E-05
.1117551E-04 .6497062E-04 .2863433E-03 .6258237E-03 .1538898E-02
.3740869E-02 .1025812E-01 .1958476E-01 .3535383E-01 .1409706E-01
.7976423E-08 .1191762E-06 .2748460E-05 .5879881E-05 .2975348E-04
.2149636E-04 .1249686E-03 .5507238E-03 .1203611E-02 .2959197E-02
.5188950E-02 .1423142E-01 .2721889E-01 .4913073E-01 .1971889E-01
.2951439E-07 .4409810E-06 .1017171E-04 .2173649E-04 .1099159E-03
.4134843E-04 .2403636E-03 .1059094E-02 .2314552E-02 .5688921E-02
.7198449E-02 .1974935E-01 .3790502E-01 .6840591E-01 .2785875E-01
.1092142E-06 .1631824E-05 .3764977E-04 .8027912E-04 .4053577E-03
.7953266E-04 .4622799E-03 .2036361E-02 .4450013E-02 .1093254E-01
.9988514E-02 .2742233E-01 .5299858E-01 .9559638E-01 .4022301E-01
.4041677E-06 .6039050E-05 .1393799E-03 .2958903E-03 .1489045E-02
.1529742E-03 .8889606E-03 .3914212E-02 .8553378E-02 .2100070E-01
.1386641E-01 .3811991E-01 .7469700E-01 .1345510E+00 .6076081E-01
.1495942E-05 .2235310E-04 .5159604E-03 .1085561E-02 .5416515E-02
.2942147E-03 .1709033E-02 .7520587E-02 .1643728E-01 .4035151E-01
.1926744E-01 .5311375E-01 .1069532E+00 .1919016E+00 .9963520E-01
.5538607E-05 .8276168E-04 .1907756E-02 .3939065E-02 .1918291E-01
.5657991E-03 .3284113E-02 .1444470E-01 .3160698E-01 .7783150E-01
.2682096E-01 .7435881E-01 .1577934E+00 .2798143E+00 .1816144E+00
.2051792E-04 .3065450E-03 .7014388E-02 .1390118E-01 .6303978E-01
.1087858E-02 .6305698E-02 .2776273E-01 .6101798E-01 .1525875E+00
.3747235E-01 .1051348E+00 .2449676E+00 .4191698E+00 .3498482E+00
.7608836E-04 .1135777E-02 .2524739E-01 .4563631E-01 .1756369E+00
.2090873E-02 .1209131E-01 .5363728E-01 .1195234E+00 .3086417E+00
.5274213E-01 .1517027E+00 .4060422E+00 .6310701E+00 .6679309E+00
.2826864E-03 .4203993E-02 .8476155E-01 .1265835E+00 .4087405E+00
.4016312E-02 .2314410E-01 .1056552E+00 .2413252E+00 .5726716E+00
.7535705E-01 .2278406E+00 .6997207E+00 .9211391E+00 .1233135E+01
.1053493E-02 .1544090E-01 .2394269E+00 .2783379E+00 .8628747E+00
.7708235E-02 .4426018E-01 .2164224E+00 .4583608E+00 .7230080E+00
.1109637E+00 .3658493E+00 .1175304E+01 .1294821E+01 .1994940E+01
.3943590E-02 .5466061E-01 .5359680E+00 .5158177E+00 .1495592E+01
.1478140E-01 .8518419E-01 .4174281E+00 .6644779E+00 .8145174E+00
.1730790E+00 .6245129E+00 .1810669E+01 .1692523E+01 .2793246E+01
.1481389E-01 .1690417E+00 .9913017E+00 .8082657E+00 .2144597E+01
.2836697E-01 .1695109E+00 .6170489E+00 .7913880E+00 .8693868E+00
.2968249E+00 .1049572E+01 .2452848E+01 .2052419E+01 .3179294E+01
.5500453E-01 .4094055E+00 .1477483E+01 .1093011E+01 .2371456E+01
.5490605E-01 .3444398E+00 .7337731E+00 .8607124E+00 .8912824E+00
.5636756E+00 .1612626E+01 .2861921E+01 .2319149E+01 .2825862E+01
.1880909E+00 .7833970E+00 .1776543E+01 .1300919E+01 .1875585E+01
.1097715E+00 .5472389E+00 .7919619E+00 .8982623E+00 .8880582E+00
.1072432E+01 .2136465E+01 .2929970E+01 .2411148E+01 .2267579E+01
.5044951E+00 .1163496E+01 .1778778E+01 .1348522E+01 .1213582E+01
.2253335E+00 .7001524E+00 .8253321E+00 .9197471E+00 .8907601E+00
.1729875E+01 .2492947E+01 .2724703E+01 .2309391E+01 .2294936E+01
.9784180E+00 .1428478E+01 .1550674E+01 .1217071E+01 .1199956E+01
.3764635E+00 .7852169E+00 .8499612E+00 .9303252E+00 .9393808E+00
.2312706E+01 .2642672E+01 .2441806E+01 .2237966E+01 .2243724E+01
.1405165E+01 .1515705E+01 .1290332E+01 .1138052E+01 .1157122E+01
.5123165E+00 .8341514E+00 .8702153E+00 .9476317E+00 .9599601E+00
.2777126E+01 .2568348E+01 .2306682E+01 .2195510E+01 .2204870E+01
.1721936E+01 .1406526E+01 .1192122E+01 .1109754E+01 .1139381E+01
.6488175E+00 .8592670E+00 .8983500E+00 .9608491E+00 .9662736E+00
.3011592E+01 .2370810E+01 .2294170E+01 .2162346E+01 .2155550E+01
.1917592E+01 .1205890E+01 .1218989E+01 .1101136E+01 .1114311E+01
.6909391E+00 .8888625E+00 .9263127E+00 .9670270E+00 .9695017E+00
.2602384E-02 .7677832E-02 .1440723E-01 .2629617E-01 .9953735E-02
.2169334E-08 .3460843E-07 .7389910E-06 .1671382E-05 .8073370E-05
.1115762E-04 .6380936E-04 .2859242E-03 .6140206E-03 .1540463E-02
.3609536E-02 .1065032E-01 .2000250E-01 .3651126E-01 .1386040E-01
.8026799E-08 .1280578E-06 .2734651E-05 .6181904E-05 .2984948E-04
.2146196E-04 .1227344E-03 .5499169E-03 .1180877E-02 .2962202E-02
.5006780E-02 .1477598E-01 .2779860E-01 .5074802E-01 .1938876E-01
.2970085E-07 .4738581E-06 .1012065E-04 .2285616E-04 .1102772E-03
.4128223E-04 .2360640E-03 .1057539E-02 .2270711E-02 .5694676E-02
.6945739E-02 .2050626E-01 .3871003E-01 .7068154E-01 .2739616E-01
.1099046E-06 .1753574E-05 .3746115E-04 .8443650E-04 .4067367E-03
.7940524E-04 .4540026E-03 .2033359E-02 .4365280E-02 .1094351E-01
.9637881E-02 .2847657E-01 .5411793E-01 .9884096E-01 .3957061E-01
.4067255E-06 .6490262E-05 .1386849E-03 .3113662E-03 .1494440E-02
.1527288E-03 .8730134E-03 .3908397E-02 .8388951E-02 .2102141E-01
.1337972E-01 .3959424E-01 .7625812E-01 .1392919E+00 .5983477E-01
.1505430E-05 .2402773E-04 .5134177E-03 .1143378E-02 .5438345E-02
.2937417E-03 .1678265E-02 .7509243E-02 .1611591E-01 .4038984E-01
.1859145E-01 .5519204E-01 .1091460E+00 .1991298E+00 .9832771E-01
.5573889E-05 .8899343E-04 .1898634E-02 .4155715E-02 .1927277E-01
.5648854E-03 .3224595E-02 .1442225E-01 .3097137E-01 .7789961E-01
.2588083E-01 .7733453E-01 .1609294E+00 .2915527E+00 .1798420E+00
.2064974E-04 .3298458E-03 .6983534E-02 .1470827E-01 .6336950E-01
.1086086E-02 .6190010E-02 .2771691E-01 .5973843E-01 .1527062E+00
.3616184E-01 .1095260E+00 .2496666E+00 .4394418E+00 .3475307E+00
.7658541E-04 .1223607E-02 .2516094E-01 .4851536E-01 .1764387E+00
.2087409E-02 .1186453E-01 .5353779E-01 .1168956E+00 .3090054E+00
.5090811E-01 .1585571E+00 .4138219E+00 .6657193E+00 .6652969E+00
.2845947E-03 .4539027E-02 .8464888E-01 .1354155E+00 .4104898E+00
.4009441E-02 .2269328E-01 .1054153E+00 .2358644E+00 .5740012E+00
.7277447E-01 .2395932E+00 .7137128E+00 .9729256E+00 .1229677E+01
.1061079E-02 .1673158E-01 .2396923E+00 .2970628E+00 .8655616E+00
.7694207E-02 .4334563E-01 .2158292E+00 .4489831E+00 .7227258E+00
.1073008E+00 .3884893E+00 .1197241E+01 .1354966E+01 .1988876E+01
.3975781E-02 .5948666E-01 .5361629E+00 .5390299E+00 .1497160E+01
.1475120E-01 .8329644E-01 .4163736E+00 .6599292E+00 .8138473E+00
.1679009E+00 .6692678E+00 .1832099E+01 .1737201E+01 .2779517E+01
.1496662E-01 .1838188E+00 .9836539E+00 .8201420E+00 .2139775E+01
.2829580E-01 .1658078E+00 .6158927E+00 .7879357E+00 .8680963E+00
.2900512E+00 .1123454E+01 .2453163E+01 .2054525E+01 .3168302E+01
.5584371E-01 .4378227E+00 .1444080E+01 .1070671E+01 .2369190E+01
.5471520E-01 .3392065E+00 .7347403E+00 .8574120E+00 .8908349E+00
.5586627E+00 .1689789E+01 .2830974E+01 .2287063E+01 .2847657E+01
.1929168E+00 .8073610E+00 .1713065E+01 .1252892E+01 .1905234E+01
.1092123E+00 .5432642E+00 .7923959E+00 .8953601E+00 .8886412E+00
.1082857E+01 .2174499E+01 .2889272E+01 .2395284E+01 .2285250E+01
.5243546E+00 .1151277E+01 .1713112E+01 .1323876E+01 .1237025E+01
.2241390E+00 .6968235E+00 .8236404E+00 .9180468E+00 .8926801E+00
.1762608E+01 .2464251E+01 .2721766E+01 .2317825E+01 .2267071E+01
.1019983E+01 .1362177E+01 .1528741E+01 .1221281E+01 .1175749E+01
.3747610E+00 .7796484E+00 .8524459E+00 .9309501E+00 .9377534E+00
.2344007E+01 .2592466E+01 .2463953E+01 .2235218E+01 .2262391E+01
.1444989E+01 .1441531E+01 .1298300E+01 .1133832E+01 .1177519E+01
.5094890E+00 .8302165E+00 .8751664E+00 .9472105E+00 .9605085E+00
.2785723E+01 .2572948E+01 .2304406E+01 .2196489E+01 .2200719E+01
.1735724E+01 .1395181E+01 .1182092E+01 .1110442E+01 .1135759E+01
.6452577E+00 .8617013E+00 .9000821E+00 .9606418E+00 .9661191E+00
.3008410E+01 .2377268E+01 .2289629E+01 .2162808E+01 .2152463E+01
.1922028E+01 .1203367E+01 .1210233E+01 .1101629E+01 .1111303E+01
.6850393E+00 .8907496E+00 .9258071E+00 .9669190E+00 .9693968E+00
.2488324E-02 .8014565E-02 .1477478E-01 .2730195E-01 .9745949E-02
.2187378E-08 .3769833E-07 .7350510E-06 .1786239E-05 .8106700E-05
.1114863E-04 .6288542E-04 .2853302E-03 .6029985E-03 .1542440E-02
.3451335E-02 .1111762E-01 .2051242E-01 .3791163E-01 .1357132E-01
.8093572E-08 .1394932E-06 .2720078E-05 .6607336E-05 .2997382E-04
.2144465E-04 .1209567E-03 .5487734E-03 .1159646E-02 .2965999E-02
.4787343E-02 .1542485E-01 .2850623E-01 .5270486E-01 .1898552E-01
.2994799E-07 .5161886E-06 .1006678E-04 .2443340E-04 .1107445E-03
.4124893E-04 .2326427E-03 .1055336E-02 .2229764E-02 .5701960E-02
.6641331E-02 .2140823E-01 .3969263E-01 .7343512E-01 .2683132E-01
.1108196E-06 .1910333E-05 .3726226E-04 .9029318E-04 .4085166E-03
.7934112E-04 .4474150E-03 .2029108E-02 .4286132E-02 .1095744E-01
.9215515E-02 .2973308E-01 .5548412E-01 .1027676E+00 .3877446E-01
.4101151E-06 .7071221E-05 .1379529E-03 .3331701E-03 .1501375E-02
.1526052E-03 .8603182E-03 .3900168E-02 .8235351E-02 .2104788E-01
.1279347E-01 .4135206E-01 .7816315E-01 .1450309E+00 .5870614E-01
.1518000E-05 .2618392E-04 .5107456E-03 .1224850E-02 .5466220E-02
.2935031E-03 .1653760E-02 .7493214E-02 .1581583E-01 .4043952E-01
.1777716E-01 .5767161E-01 .1118205E+00 .2078832E+00 .9673846E-01
.5620609E-05 .9701725E-04 .1889102E-02 .4461072E-02 .1938636E-01
.5644229E-03 .3177151E-02 .1439062E-01 .3037907E-01 .7799084E-01
.2474833E-01 .8088941E-01 .1647489E+00 .3057720E+00 .1776974E+00
.2082412E-04 .3598471E-03 .6951747E-02 .1584569E-01 .6378117E-01
.1085183E-02 .6097679E-02 .2765285E-01 .5855497E-01 .1528773E+00
.3458313E-01 .1147847E+00 .2553680E+00 .4639870E+00 .3447600E+00
.7724170E-04 .1336684E-02 .2507605E-01 .5256189E-01 .1774516E+00
.2085623E-02 .1168329E-01 .5340110E-01 .1145214E+00 .3094901E+00
.4869856E-01 .1668001E+00 .4231796E+00 .7076533E+00 .6623025E+00
.2871052E-03 .4970202E-02 .8457660E-01 .1476531E+00 .4128558E+00
.4005813E-02 .2233302E-01 .1050994E+00 .2312687E+00 .5752511E+00
.6966254E-01 .2538096E+00 .7303596E+00 .1035798E+01 .1225485E+01
.1070991E-02 .1838986E-01 .2402133E+00 .3221661E+00 .8689470E+00
.7686473E-02 .4262054E-01 .2151177E+00 .4432552E+00 .7223782E+00
.1028850E+00 .4159653E+00 .1223271E+01 .1428088E+01 .1981755E+01
.4017331E-02 .6564484E-01 .5371537E+00 .5703179E+00 .1499390E+01
.1473331E-01 .8185716E-01 .4152234E+00 .6600632E+00 .8133731E+00
.1616479E+00 .7230594E+00 .1857832E+01 .1792703E+01 .2762813E+01
.1515998E-01 .2022911E+00 .9767087E+00 .8391481E+00 .2134098E+01
.2824917E-01 .1634261E+00 .6149235E+00 .7857962E+00 .8665443E+00
.2818192E+00 .1210553E+01 .2455903E+01 .2060417E+01 .3151397E+01
.5688075E-01 .4725198E+00 .1410135E+01 .1048768E+01 .2363757E+01
.5457715E-01 .3371740E+00 .7370051E+00 .8550542E+00 .8895355E+00
.5523489E+00 .1780708E+01 .2798542E+01 .2250502E+01 .2870433E+01
.1987659E+00 .8391910E+00 .1644692E+01 .1198627E+01 .1937807E+01
.1088080E+00 .5428499E+00 .7951919E+00 .8927777E+00 .8895005E+00
.1095248E+01 .2222705E+01 .2841576E+01 .2372830E+01 .2314813E+01
.5482830E+00 .1144383E+01 .1637388E+01 .1291101E+01 .1274843E+01
.2235669E+00 .6965297E+00 .8239168E+00 .9165654E+00 .8948243E+00
.1801655E+01 .2438416E+01 .2711926E+01 .2326707E+01 .2232020E+01
.1070323E+01 .1293312E+01 .1499089E+01 .1225510E+01 .1146295E+01
.3731595E+00 .7776425E+00 .8554779E+00 .9318098E+00 .9344331E+00
.2381928E+01 .2535700E+01 .2486793E+01 .2232916E+01 .2285096E+01
.1494590E+01 .1358670E+01 .1305528E+01 .1129893E+01 .1202883E+01
.5058505E+00 .8279041E+00 .8820020E+00 .9466506E+00 .9610092E+00
.2798257E+01 .2568129E+01 .2307569E+01 .2198346E+01 .2189143E+01
.1755570E+01 .1371980E+01 .1177115E+01 .1112014E+01 .1125055E+01
.6415165E+00 .8663471E+00 .9030537E+00 .9604096E+00 .9656472E+00
.3002441E+01 .2393071E+01 .2280424E+01 .2163335E+01 .2147523E+01
.1925684E+01 .1210276E+01 .1195555E+01 .1102225E+01 .1106531E+01
.6790264E+00 .8938327E+00 .9263482E+00 .9667944E+00 .9692056E+00
.2353790E-02 .8406398E-02 .1521524E-01 .2849451E-01 .9496667E-02
.2210988E-08 .4162769E-07 .7312108E-06 .1945892E-05 .8149460E-05
.1115575E-04 .6237273E-04 .2845533E-03 .5940440E-03 .1544857E-02
.3264735E-02 .1166141E-01 .2112347E-01 .3957208E-01 .1322452E-01
.8180941E-08 .1540354E-06 .2705878E-05 .7198692E-05 .3013323E-04
.2145834E-04 .1199701E-03 .5472778E-03 .1142394E-02 .2970643E-02
.4528515E-02 .1617995E-01 .2935419E-01 .5502521E-01 .1850186E-01
.3027135E-07 .5700192E-06 .1001431E-04 .2662577E-04 .1113428E-03
.4127524E-04 .2307433E-03 .1052455E-02 .2196481E-02 .5710880E-02
.6282278E-02 .2245799E-01 .4087005E-01 .7670050E-01 .2615402E-01
.1120167E-06 .2109680E-05 .3706868E-04 .9843398E-04 .4107900E-03
.7939168E-04 .4437556E-03 .2023550E-02 .4221769E-02 .1097454E-01
.8717329E-02 .3119576E-01 .5712106E-01 .1074248E+00 .3782047E-01
.4145490E-06 .7810017E-05 .1372417E-03 .3634765E-03 .1510194E-02
.1527023E-03 .8532583E-03 .3889417E-02 .8110382E-02 .2108055E-01
.1210198E-01 .4339908E-01 .8044530E-01 .1518396E+00 .5735577E-01
.1534440E-05 .2892591E-04 .5081604E-03 .1338075E-02 .5501400E-02
.2936891E-03 .1640105E-02 .7472300E-02 .1557169E-01 .4050148E-01
.1681668E-01 .6056132E-01 .1150229E+00 .2182724E+00 .9484279E-01
.5681678E-05 .1072209E-03 .1879967E-02 .4885211E-02 .1952804E-01
.5647782E-03 .3150629E-02 .1434947E-01 .2989859E-01 .7810749E-01
.2341249E-01 .8503838E-01 .1693158E+00 .3226527E+00 .1751519E+00
.2105184E-04 .3979973E-03 .6922063E-02 .1742248E-01 .6428682E-01
.1085857E-02 .6045799E-02 .2756996E-01 .5760736E-01 .1531074E+00
.3272092E-01 .1209391E+00 .2621571E+00 .4931057E+00 .3415090E+00
.7809717E-04 .1480452E-02 .2500401E-01 .5813179E-01 .1787038E+00
.2086880E-02 .1158078E-01 .5322669E-01 .1127061E+00 .3101030E+00
.4609209E-01 .1764923E+00 .4342195E+00 .7573588E+00 .6589566E+00
.2903660E-03 .5518060E-02 .8458482E-01 .1641191E+00 .4159428E+00
.4008077E-02 .2212857E-01 .1047107E+00 .2282938E+00 .5763178E+00
.6599104E-01 .2706317E+00 .7497623E+00 .1110517E+01 .1220520E+01
.1083779E-02 .2049198E-01 .2411146E+00 .3547054E+00 .8731267E+00
.7690213E-02 .4221687E-01 .2143257E+00 .4426286E+00 .7220398E+00
.9767291E-01 .4485697E+00 .1253521E+01 .1515162E+01 .1973433E+01
.4070287E-02 .7338222E-01 .5392791E+00 .6115920E+00 .1502335E+01
.1473801E-01 .8115084E-01 .4141268E+00 .6640828E+00 .8131220E+00
.1542564E+00 .7861983E+00 .1888181E+01 .1860515E+01 .2743193E+01
.1540153E-01 .2249459E+00 .9713378E+00 .8672432E+00 .2127875E+01
.2824814E-01 .1630286E+00 .6143991E+00 .7855235E+00 .8648594E+00
.2720282E+00 .1310478E+01 .2462286E+01 .2072638E+01 .3127315E+01
.5814270E-01 .5141397E+00 .1378069E+01 .1030349E+01 .2354239E+01
.5453840E-01 .3390807E+00 .7404048E+00 .8538404E+00 .8871183E+00
.5445717E+00 .1885768E+01 .2766327E+01 .2211473E+01 .2891644E+01
.2057181E+00 .8809919E+00 .1574841E+01 .1140139E+01 .1971579E+01
.1086821E+00 .5458516E+00 .8002983E+00 .8911866E+00 .8901578E+00
.1109699E+01 .2283258E+01 .2787430E+01 .2342568E+01 .2357571E+01
.5764856E+00 .1147300E+01 .1552849E+01 .1249035E+01 .1328873E+01
.2239816E+00 .6992720E+00 .8273597E+00 .9160977E+00 .8966178E+00
.1846935E+01 .2418067E+01 .2692795E+01 .2333732E+01 .2194453E+01
.1129969E+01 .1226851E+01 .1459742E+01 .1227436E+01 .1115906E+01
.3717159E+00 .7803428E+00 .8589428E+00 .9323871E+00 .9312891E+00
.2426198E+01 .2475878E+01 .2507443E+01 .2233068E+01 .2304415E+01
.1553887E+01 .1269863E+01 .1310379E+01 .1128108E+01 .1225955E+01
.5014846E+00 .8296994E+00 .8901474E+00 .9465132E+00 .9612406E+00
.2816745E+01 .2547620E+01 .2319438E+01 .2200235E+01 .2172001E+01
.1784347E+01 .1332643E+01 .1179755E+01 .1113650E+01 .1109314E+01
.6371056E+00 .8726915E+00 .9078366E+00 .9602146E+00 .9649148E+00
.2993496E+01 .2415025E+01 .2268893E+01 .2163124E+01 .2145552E+01
.1928675E+01 .1223988E+01 .1178272E+01 .1102182E+01 .1104865E+01
.6734329E+00 .8961833E+00 .9281910E+00 .9665834E+00 .9690824E+00
.2197973E-02 .8852745E-02 .1573490E-01 .2988420E-01 .9202078E-02
.2241501E-08 .4657227E-07 .7278965E-06 .2164859E-05 .8203882E-05
.1118858E-04 .6244850E-04 .2836194E-03 .5886096E-03 .1547694E-02
.3048618E-02 .1228086E-01 .2184439E-01 .4150704E-01 .1281472E-01
.8293856E-08 .1723348E-06 .2693627E-05 .8009737E-05 .3033597E-04
.2152149E-04 .1201154E-03 .5454803E-03 .1131917E-02 .2976099E-02
.4228742E-02 .1704019E-01 .3035462E-01 .5772930E-01 .1793044E-01
.3068924E-07 .6377581E-06 .9969072E-05 .2963251E-04 .1121026E-03
.4139671E-04 .2310215E-03 .1048993E-02 .2176245E-02 .5721368E-02
.5866426E-02 .2365404E-01 .4225913E-01 .8050624E-01 .2535411E-01
.1135636E-06 .2360531E-05 .3690209E-04 .1095977E-03 .4136696E-03
.7962532E-04 .4442857E-03 .2016874E-02 .4182565E-02 .1099468E-01
.8140334E-02 .3286265E-01 .5905215E-01 .1128536E+00 .3669464E-01
.4202781E-06 .8739689E-05 .1366318E-03 .4050279E-03 .1521311E-02
.1531516E-03 .8542604E-03 .3876510E-02 .8034085E-02 .2111917E-01
.1130110E-01 .4573292E-01 .8313703E-01 .1597790E+00 .5576484E-01
.1555676E-05 .3237628E-04 .5059606E-03 .1493233E-02 .5545384E-02
.2945532E-03 .1641972E-02 .7447218E-02 .1542242E-01 .4057529E-01
.1570425E-01 .6385877E-01 .1187981E+00 .2303921E+00 .9261708E-01
.5760532E-05 .1200603E-03 .1872343E-02 .5465638E-02 .1970284E-01
.5664390E-03 .3154019E-02 .1430022E-01 .2960643E-01 .7824888E-01
.2186532E-01 .8978068E-01 .1746915E+00 .3423491E+00 .1721786E+00
.2134561E-04 .4459971E-03 .6898622E-02 .1957195E-01 .6489907E-01
.1089046E-02 .6051699E-02 .2747127E-01 .5705004E-01 .1533960E+00
.3056405E-01 .1279955E+00 .2701148E+00 .5270497E+00 .3377537E+00
.7919882E-04 .1661282E-02 .2495998E-01 .6563806E-01 .1802234E+00
.2092994E-02 .1159053E-01 .5302156E-01 .1117800E+00 .3108301E+00
.4307306E-01 .1876638E+00 .4470325E+00 .8152304E+00 .6552711E+00
.2945509E-03 .6206497E-02 .8472552E-01 .1856567E+00 .4198562E+00
.4019748E-02 .2214530E-01 .1042691E+00 .2277035E+00 .5770615E+00
.6173794E-01 .2901547E+00 .7719834E+00 .1197689E+01 .1214765E+01
.1100085E-02 .2312498E-01 .2425461E+00 .3957068E+00 .8782054E+00
.7712275E-02 .4226487E-01 .2135294E+00 .4478862E+00 .7218005E+00
.9163303E-01 .4865028E+00 .1288056E+01 .1616917E+01 .1963747E+01
.4137006E-02 .8296483E-01 .5429132E+00 .6648357E+00 .1506034E+01
.1477879E-01 .8145033E-01 .4132935E+00 .6703406E+00 .8130892E+00
.1456793E+00 .8588196E+00 .1923396E+01 .1942035E+01 .2720715E+01
.1569977E-01 .2522370E+00 .9685477E+00 .9063260E+00 .2121409E+01
.2832002E-01 .1651818E+00 .6145133E+00 .7873486E+00 .8632308E+00
.2605991E+00 .1422389E+01 .2473676E+01 .2094183E+01 .3095551E+01
.5965782E-01 .5632889E+00 .1350475E+01 .1019171E+01 .2340345E+01
.5465749E-01 .3450275E+00 .7444667E+00 .8539061E+00 .8837182E+00
.5351723E+00 .2004435E+01 .2736790E+01 .2173283E+01 .2907100E+01
.2138375E+00 .9341847E+00 .1508131E+01 .1081032E+01 .2003541E+01
.1089814E+00 .5515022E+00 .8071544E+00 .8910856E+00 .8893370E+00
.1126371E+01 .2357046E+01 .2729023E+01 .2304144E+01 .2412838E+01
.6091844E+00 .1164081E+01 .1463339E+01 .1198153E+01 .1397985E+01
.2257649E+00 .7040552E+00 .8347037E+00 .9169816E+00 .8992442E+00
.1897967E+01 .2408335E+01 .2661889E+01 .2334485E+01 .2164585E+01
.1199307E+01 .1172158E+01 .1408682E+01 .1222222E+01 .1095240E+01
.3703429E+00 .7872446E+00 .8633369E+00 .9328665E+00 .9303074E+00
.2476471E+01 .2417255E+01 .2521890E+01 .2238083E+01 .2307465E+01
.1622667E+01 .1181066E+01 .1310956E+01 .1131156E+01 .1234193E+01
.4964930E+00 .8366828E+00 .8975258E+00 .9470050E+00 .9614283E+00
.2843770E+01 .2508930E+01 .2339737E+01 .2200200E+01 .2160947E+01
.1825840E+01 .1277948E+01 .1189283E+01 .1113609E+01 .1100239E+01
.6309471E+00 .8794377E+00 .9153900E+00 .9596567E+00 .9647456E+00
.2983575E+01 .2438216E+01 .2256449E+01 .2161563E+01 .2153613E+01
.1933897E+01 .1235912E+01 .1161852E+01 .1101003E+01 .1113440E+01
.6680873E+00 .9039143E+00 .9285826E+00 .9661394E+00 .9692854E+00
.2020396E-02 .9351279E-02 .1633986E-01 .3147913E-01 .8858355E-02
.2280459E-08 .5273566E-07 .7256690E-06 .2461144E-05 .8272697E-05
.1125946E-04 .6327931E-04 .2826041E-03 .5882390E-03 .1550848E-02
.2802318E-02 .1297277E-01 .2268366E-01 .4372783E-01 .1233662E-01
.8438016E-08 .1951449E-06 .2685401E-05 .9107121E-05 .3059212E-04
.2165784E-04 .1217132E-03 .5435263E-03 .1131185E-02 .2982167E-02
.3887105E-02 .1800111E-01 .3151925E-01 .6083299E-01 .1726389E-01
.3122276E-07 .7221939E-06 .9938762E-05 .3370044E-04 .1130613E-03
.4165898E-04 .2340936E-03 .1045230E-02 .2174772E-02 .5733038E-02
.5392498E-02 .2499025E-01 .4387618E-01 .8487484E-01 .2442141E-01
.1155385E-06 .2673213E-05 .3679093E-04 .1246990E-03 .4172925E-03
.8012984E-04 .4501908E-03 .2009620E-02 .4179528E-02 .1101712E-01
.7482756E-02 .3472535E-01 .6129999E-01 .1190866E+00 .3538306E-01
.4275911E-06 .9898494E-05 .1362287E-03 .4612134E-03 .1535226E-02
.1541221E-03 .8656040E-03 .3862493E-02 .8027691E-02 .2116226E-01
.1038836E-01 .4834224E-01 .8626970E-01 .1688977E+00 .5391493E-01
.1582778E-05 .3667693E-04 .5045377E-03 .1702848E-02 .5599942E-02
.2964202E-03 .1663743E-02 .7420010E-02 .1540913E-01 .4065799E-01
.1443645E-01 .6754910E-01 .1231894E+00 .2443188E+00 .9003885E-01
.5861116E-05 .1360625E-03 .1867681E-02 .6248049E-02 .1991644E-01
.5700309E-03 .3195745E-02 .1424691E-01 .2958291E-01 .7840896E-01
.2010204E-01 .9509818E-01 .1809352E+00 .3649860E+00 .1687527E+00
.2172002E-04 .5058101E-03 .6886782E-02 .2245263E-01 .6563087E-01
.1095957E-02 .6131575E-02 .2736491E-01 .5704360E-01 .1537303E+00
.2810589E-01 .1359360E+00 .2793169E+00 .5660163E+00 .3334742E+00
.8060052E-04 .1886506E-02 .2496326E-01 .7554290E-01 .1820387E+00
.2106290E-02 .1174369E-01 .5280296E-01 .1120790E+00 .3116236E+00
.3963218E-01 .2003101E+00 .4616962E+00 .8815628E+00 .6512603E+00
.2998584E-03 .7062764E-02 .8506271E-01 .2130862E+00 .4247023E+00
.4045318E-02 .2244338E-01 .1038159E+00 .2301936E+00 .5772886E+00
.5689012E-01 .3124220E+00 .7970447E+00 .1297745E+01 .1208243E+01
.1120636E-02 .2638575E-01 .2446784E+00 .4461957E+00 .8843052E+00
.7761378E-02 .4288232E-01 .2128473E+00 .4589926E+00 .7217500E+00
.8474652E-01 .5298656E+00 .1326887E+01 .1733738E+01 .1952552E+01
.4220127E-02 .9466765E-01 .5484762E+00 .7317917E+00 .1510563E+01
.1487274E-01 .8299308E-01 .4129631E+00 .6771605E+00 .8132249E+00
.1358876E+00 .9408893E+00 .1963613E+01 .2038382E+01 .2695331E+01
.1606394E-01 .2845591E+00 .9694090E+00 .9580934E+00 .2114901E+01
.2849877E-01 .1702803E+00 .6153249E+00 .7906702E+00 .8618497E+00
.2474761E+00 .1545158E+01 .2491443E+01 .2128063E+01 .3056470E+01
.6145442E-01 .6204613E+00 .1329823E+01 .1018995E+01 .2322634E+01
.5500503E-01 .3545638E+00 .7485361E+00 .8548806E+00 .8798941E+00
.5239943E+00 .2135228E+01 .2712956E+01 .2141273E+01 .2911922E+01
.2231674E+00 .9993042E+00 .1449603E+01 .1027323E+01 .2029651E+01
.1098734E+00 .5588561E+00 .8147032E+00 .8921684E+00 .8862542E+00
.1145627E+01 .2443743E+01 .2670463E+01 .2259285E+01 .2476489E+01
.6467904E+00 .1197573E+01 .1375308E+01 .1141519E+01 .1478484E+01
.2292684E+00 .7089868E+00 .8455504E+00 .9188408E+00 .9031383E+00
.1953735E+01 .2416729E+01 .2618223E+01 .2323051E+01 .2156868E+01
.1278314E+01 .1140218E+01 .1345506E+01 .1203893E+01 .1101317E+01
.3688516E+00 .7958203E+00 .8702827E+00 .9345136E+00 .9281404E+00
.2531639E+01 .2367110E+01 .2524826E+01 .2249136E+01 .2280672E+01
.1700276E+01 .1103388E+01 .1303989E+01 .1140533E+01 .1215494E+01
.4908037E+00 .8471783E+00 .9013364E+00 .9474267E+00 .9593642E+00
.2880746E+01 .2455675E+01 .2365173E+01 .2196555E+01 .2174529E+01
.1882176E+01 .1213960E+01 .1204910E+01 .1110079E+01 .1117353E+01
.6218773E+00 .8855817E+00 .9235289E+00 .9589460E+00 .9645559E+00
.2976870E+01 .2447345E+01 .2251973E+01 .2160660E+01 .2164368E+01
.1946999E+01 .1233688E+01 .1154254E+01 .1100778E+01 .1125075E+01
.6615893E+00 .9145848E+00 .9290524E+00 .9656019E+00 .9696424E+00
.1599850E-02 .1048611E-01 .1782849E-01 .3530423E-01 .8008085E-02
.2390756E-08 .6967146E-07 .7274727E-06 .3377563E-05 .8467435E-05
.1157927E-04 .6775146E-04 .2809638E-03 .6088462E-03 .1556882E-02
.2219019E-02 .1454789E-01 .2474883E-01 .4905417E-01 .1115411E-01
.8846154E-08 .2578221E-06 .2692120E-05 .1250100E-04 .3131607E-04
.2227301E-04 .1303148E-03 .5403697E-03 .1170797E-02 .2993773E-02
.3078023E-02 .2018889E-01 .3438500E-01 .6827757E-01 .1561583E-01
.3273314E-07 .9542030E-06 .9963966E-05 .4627860E-04 .1157640E-03
.4284234E-04 .2506367E-03 .1039153E-02 .2250890E-02 .5755354E-02
.4270118E-02 .2803324E-01 .4785499E-01 .9535549E-01 .2211688E-01
.1211288E-06 .3532368E-05 .3688684E-04 .1713711E-03 .4274590E-03
.8240625E-04 .4820033E-03 .1997909E-02 .4325772E-02 .1105999E-01
.5925446E-02 .3896938E-01 .6683033E-01 .1340458E+00 .3214738E-01
.4482888E-06 .1308239E-04 .1366045E-03 .6346884E-03 .1573939E-02
.1585015E-03 .9267679E-03 .3839884E-02 .8308958E-02 .2124444E-01
.8226764E-02 .5429304E-01 .9397486E-01 .1907970E+00 .4936640E-01
.1659455E-05 .4849204E-04 .5060994E-03 .2348593E-02 .5749404E-02
.3048464E-03 .1781305E-02 .7376171E-02 .1595320E-01 .4081525E-01
.1143395E-01 .7598091E-01 .1339818E+00 .2777943E+00 .8374087E-01
.6145518E-05 .1800152E-03 .1874897E-02 .8645642E-02 .2048629E-01
.5862468E-03 .3421649E-02 .1416117E-01 .3065770E-01 .7871369E-01
.1592606E-01 .1072916E+00 .1962437E+00 .4194124E+00 .1604518E+00
.2277734E-04 .6700127E-03 .6925820E-02 .3116574E-01 .6750509E-01
.1127176E-02 .6565768E-02 .2719448E-01 .5930584E-01 .1543816E+00
.2228405E-01 .1542651E+00 .3017236E+00 .6595060E+00 .3232917E+00
.8454930E-04 .2504042E-02 .2521020E-01 .1045643E+00 .1866820E+00
.2166430E-02 .1258043E-01 .5245784E-01 .1176022E+00 .3129566E+00
.3148248E-01 .2298218E+00 .4968047E+00 .1040260E+01 .6423323E+00
.3147403E-03 .9402941E-02 .8663828E-01 .2885893E+00 .4376140E+00
.4161288E-02 .2407435E-01 .1031574E+00 .2464506E+00 .5750340E+00
.4540655E-01 .3650789E+00 .8555484E+00 .1537311E+01 .1193257E+01
.1177741E-02 .3521465E-01 .2518079E+00 .5799811E+00 .9002287E+00
.7985361E-02 .4618926E-01 .2124782E+00 .4949067E+00 .7223308E+00
.6842656E-01 .6327813E+00 .1417272E+01 .2011851E+01 .1925447E+01
.4447168E-02 .1254990E+00 .5674911E+00 .9110999E+00 .1522861E+01
.1530652E-01 .9049093E-01 .4145821E+00 .6882972E+00 .8135431E+00
.1126409E+00 .1132354E+01 .2058814E+01 .2277715E+01 .2634655E+01
.1702880E-01 .3654738E+00 .9860235E+00 .1104807E+01 .2101796E+01
.2934535E-01 .1897668E+00 .6185512E+00 .7966132E+00 .8601197E+00
.2160415E+00 .1818357E+01 .2549816E+01 .2244355E+01 .2959641E+01
.6599589E-01 .7596475E+00 .1316588E+01 .1064079E+01 .2280154E+01
.5672097E-01 .3813430E+00 .7542150E+00 .8548894E+00 .8735027E+00
.4956517E+00 .2424764E+01 .2693957E+01 .2125987E+01 .2878628E+01
.2455197E+00 .1163543E+01 .1373355E+01 .9692605E+00 .2053660E+01
.1141746E+00 .5754832E+00 .8262055E+00 .8921132E+00 .8786937E+00
.1195508E+01 .2651749E+01 .2576009E+01 .2179505E+01 .2586412E+01
.7413610E+00 .1314969E+01 .1237317E+01 .1043894E+01 .1639654E+01
.2421534E+00 .7120553E+00 .8678676E+00 .9225544E+00 .9035085E+00
.2074752E+01 .2504473E+01 .2508971E+01 .2248056E+01 .2241116E+01
.1462564E+01 .1167061E+01 .1204545E+01 .1122190E+01 .1223037E+01
.3651322E+00 .8006121E+00 .8965740E+00 .9374563E+00 .9322450E+00
.2648223E+01 .2331933E+01 .2473840E+01 .2259432E+01 .2184734E+01
.1875118E+01 .1035516E+01 .1237321E+01 .1147581E+01 .1145560E+01
.4758646E+00 .8613616E+00 .9063617E+00 .9486007E+00 .9541987E+00
.2987546E+01 .2346060E+01 .2400110E+01 .2199722E+01 .2218740E+01
.2040278E+01 .1095385E+01 .1235985E+01 .1115556E+01 .1173843E+01
.5929967E+00 .8997514E+00 .9206263E+00 .9565725E+00 .9650358E+00
.3000675E+01 .2380693E+01 .2286489E+01 .2163584E+01 .2140005E+01
.2025150E+01 .1170744E+01 .1180751E+01 .1106741E+01 .1105191E+01
.6362639E+00 .9134965E+00 .9370667E+00 .9636641E+00 .9687205E+00
.1095730E-02 .1175366E-01 .1972172E-01 .3997923E-01 .6914676E-02
.2557203E-08 .9458530E-07 .7442628E-06 .4923750E-05 .8768868E-05
.1226939E-04 .7655739E-04 .2816752E-03 .6670263E-03 .1557234E-02
.1519802E-02 .1630741E-01 .2737526E-01 .5556452E-01 .9633810E-02
.9462050E-08 .3500238E-06 .2754299E-05 .1822599E-04 .3243470E-04
.2360052E-04 .1472523E-03 .5417386E-03 .1282689E-02 .2994427E-02
.2108150E-02 .2263333E-01 .3802954E-01 .7737860E-01 .1349803E-01
.3501223E-07 .1295491E-05 .1019444E-04 .6748715E-04 .1199261E-03
.4539595E-04 .2832127E-03 .1041787E-02 .2466085E-02 .5756516E-02
.2924679E-02 .3143469E-01 .5291484E-01 .1081725E+00 .1915872E-01
.1295634E-06 .4796122E-05 .3774269E-04 .2499973E-03 .4430159E-03
.8731856E-04 .5446512E-03 .2002978E-02 .4739762E-02 .1106183E-01
.4058630E-02 .4371740E-01 .7386232E-01 .1523519E+00 .2800379E-01
.4795107E-06 .1776512E-04 .1397952E-03 .9263806E-03 .1632472E-02
.1679518E-03 .1047229E-02 .3849625E-02 .9106438E-02 .2124646E-01
.5635532E-02 .6096171E-01 .1037686E+00 .2176268E+00 .4357112E-01
.1775076E-05 .6586506E-04 .5180950E-03 .3429864E-02 .5970457E-02
.3230287E-03 .2012883E-02 .7394832E-02 .1749648E-01 .4081390E-01
.7834606E-02 .8546110E-01 .1476850E+00 .3188683E+00 .7579297E-01
.6574031E-05 .2446112E-03 .1920815E-02 .1262205E-01 .2129663E-01
.6212366E-03 .3866753E-02 .1419661E-01 .3368672E-01 .7870022E-01
.1091975E-01 .1210882E+00 .2156199E+00 .4862256E+00 .1500849E+00
.2436803E-04 .9110717E-03 .7108248E-02 .4529569E-01 .7001107E-01
.1194534E-02 .7421495E-02 .2726082E-01 .6548658E-01 .1543867E+00
.1530408E-01 .1752453E+00 .3298227E+00 .7739213E+00 .3109418E+00
.9047293E-04 .3408343E-02 .2598204E-01 .1493211E+00 .1929341E+00
.2296181E-02 .1422923E-01 .5258470E-01 .1313354E+00 .3123665E+00
.2171015E-01 .2642325E+00 .5398070E+00 .1233690E+01 .6323437E+00
.3369399E-03 .1280864E-01 .9002331E-01 .3957270E+00 .4554608E+00
.4411489E-02 .2728040E-01 .1035029E+00 .2789539E+00 .5661314E+00
.3163249E-01 .4278118E+00 .9244673E+00 .1828887E+01 .1176919E+01
.1262007E-02 .4785158E-01 .2641807E+00 .7658014E+00 .9227730E+00
.8468690E-02 .5261580E-01 .2146386E+00 .5382708E+00 .7224627E+00
.4883671E-01 .7562139E+00 .1524036E+01 .2342478E+01 .1893417E+01
.4775326E-02 .1677391E+00 .6019406E+00 .1150749E+01 .1542018E+01
.1624333E-01 .1044199E+00 .4192775E+00 .6941761E+00 .8122326E+00
.8466089E-01 .1356566E+01 .2172487E+01 .2573489E+01 .2559241E+01
.1837135E-01 .4691249E+00 .1028503E+01 .1311856E+01 .2089291E+01
.3117682E-01 .2201519E+00 .6221727E+00 .7934541E+00 .8587197E+00
.1777022E+00 .2119964E+01 .2639444E+01 .2432065E+01 .2838223E+01
.7193320E-01 .9302005E+00 .1346788E+01 .1175728E+01 .2231869E+01
.6042792E-01 .4134806E+00 .7544412E+00 .8433432E+00 .8681162E+00
.4580294E+00 .2737651E+01 .2722067E+01 .2222100E+01 .2793157E+01
.2728273E+00 .1365071E+01 .1361457E+01 .1018887E+01 .2045980E+01
.1230878E+00 .5912327E+00 .8259139E+00 .8772927E+00 .8741511E+00
.1273230E+01 .2889408E+01 .2546591E+01 .2209983E+01 .2606748E+01
.8827849E+00 .1475514E+01 .1191780E+01 .1062266E+01 .1735682E+01
.2605277E+00 .7044161E+00 .8703730E+00 .9142633E+00 .8989530E+00
.2212012E+01 .2666324E+01 .2443162E+01 .2181449E+01 .2345930E+01
.1682623E+01 .1287461E+01 .1139256E+01 .1068570E+01 .1386748E+01
.3612484E+00 .7774757E+00 .9113619E+00 .9322198E+00 .9202290E+00
.2771632E+01 .2431690E+01 .2376538E+01 .2183177E+01 .2243768E+01
.2071498E+01 .1134097E+01 .1134058E+01 .1089253E+01 .1237435E+01
.4554341E+00 .8328503E+00 .9320923E+00 .9444636E+00 .9471745E+00
.3129756E+01 .2362308E+01 .2332928E+01 .2187151E+01 .2168610E+01
.2248400E+01 .1135852E+01 .1153708E+01 .1111169E+01 .1146274E+01
.5522400E+00 .8885669E+00 .9341495E+00 .9520078E+00 .9641132E+00
.3114220E+01 .2297890E+01 .2295162E+01 .2169374E+01 .2146142E+01
.2195115E+01 .1113506E+01 .1186628E+01 .1118643E+01 .1120243E+01
.5989782E+00 .9177966E+00 .9249151E+00 .9584532E+00 .9651417E+00
.5783803E-03 .1293615E-01 .2179575E-01 .4487924E-01 .5696359E-02
.2768221E-08 .1258354E-06 .7806996E-06 .7105137E-05 .9171814E-05
.1335780E-04 .8841789E-04 .2869267E-03 .7585247E-03 .1539318E-02
.8022343E-03 .1794913E-01 .3025252E-01 .6238901E-01 .7940278E-02
.1024285E-07 .4656721E-06 .2889149E-05 .2630068E-04 .3392743E-04
.2569416E-04 .1700648E-03 .5518405E-03 .1458667E-02 .2959905E-02
.1112821E-02 .2491485E-01 .4202204E-01 .8692102E-01 .1114025E-01
.3790139E-07 .1723549E-05 .1069364E-04 .9738355E-04 .1254616E-03
.4942325E-04 .3270876E-03 .1061219E-02 .2804545E-02 .5689881E-02
.1543916E-02 .3461137E-01 .5845749E-01 .1216175E+00 .1586935E-01
.1402547E-06 .6381035E-05 .3959167E-04 .3607035E-03 .4635736E-03
.9506561E-04 .6290258E-03 .2040355E-02 .5390898E-02 .1093275E-01
.2142773E-02 .4815704E-01 .8156427E-01 .1715722E+00 .2340852E-01
.5190789E-06 .2363684E-04 .1466515E-03 .1336076E-02 .1708885E-02
.1828548E-03 .1209459E-02 .3921502E-02 .1036054E-01 .2099478E-01
.2976154E-02 .6721214E-01 .1144914E+00 .2458403E+00 .3718013E-01
.1921552E-05 .8764149E-04 .5435831E-03 .4940438E-02 .6252499E-02
.3516999E-03 .2324723E-02 .7532944E-02 .1992121E-01 .4031801E-01
.4140410E-02 .9438817E-01 .1626723E+00 .3621481E+00 .6711584E-01
.7116522E-05 .3255205E-03 .2016082E-02 .1811109E-01 .2228814E-01
.6764029E-03 .4465999E-02 .1446147E-01 .3842892E-01 .7771452E-01
.5781012E-02 .1341956E+00 .2367469E+00 .5566914E+00 .1388763E+00
.2637914E-04 .1212540E-02 .7468299E-02 .6428423E-01 .7288793E-01
.1300703E-02 .8573072E-02 .2776693E-01 .7504361E-01 .1524459E+00
.8138195E-02 .1954958E+00 .3601847E+00 .8942568E+00 .2980747E+00
.9794283E-04 .4535369E-02 .2736602E-01 .2062522E+00 .2002711E+00
.2500584E-02 .1644602E-01 .5355122E-01 .1517032E+00 .3071050E+00
.1167417E-01 .2982701E+00 .5851491E+00 .1436407E+01 .6226494E+00
.3647949E-03 .1701869E-01 .9527783E-01 .5225297E+00 .4762002E+00
.4805257E-02 .3158110E-01 .1054398E+00 .3206615E+00 .5473805E+00
.1747790E-01 .4915757E+00 .9939352E+00 .2133233E+01 .1162761E+01
.1366724E-02 .6315544E-01 .2815484E+00 .9877970E+00 .9507734E+00
.9227992E-02 .6117590E-01 .2195810E+00 .5719126E+00 .7169701E+00
.2867870E-01 .8830071E+00 .1632600E+01 .2672776E+01 .1864231E+01
.5175654E-02 .2164972E+00 .6524571E+00 .1411590E+01 .1569123E+01
.1771015E-01 .1223959E+00 .4244159E+00 .6958755E+00 .8054976E+00
.5575830E-01 .1580502E+01 .2289625E+01 .2865236E+01 .2483097E+01
.1995357E-01 .5817720E+00 .1097754E+01 .1538235E+01 .2084313E+01
.3402587E-01 .2535631E+00 .6231648E+00 .7795748E+00 .8534092E+00
.1374196E+00 .2406528E+01 .2741074E+01 .2646066E+01 .2711454E+01
.7853514E-01 .1106525E+01 .1414125E+01 .1317953E+01 .2189415E+01
.6610737E-01 .4432849E+00 .7490280E+00 .8203456E+00 .8585026E+00
.4143891E+00 .3025457E+01 .2778829E+01 .2402738E+01 .2680311E+01
.3021994E+00 .1569204E+01 .1398032E+01 .1136025E+01 .2024581E+01
.1360724E+00 .6024942E+00 .8140778E+00 .8534015E+00 .8623592E+00
.1381612E+01 .3098922E+01 .2576713E+01 .2388883E+01 .2542860E+01
.1091032E+01 .1623158E+01 .1217969E+01 .1201256E+01 .1759585E+01
.2737422E+00 .6942783E+00 .8550818E+00 .8919135E+00 .8891701E+00
.2377342E+01 .2821720E+01 .2471453E+01 .2303511E+01 .2324580E+01
.1948235E+01 .1405039E+01 .1184207E+01 .1183984E+01 .1434337E+01
.3566237E+00 .7549752E+00 .8932670E+00 .9013043E+00 .9119937E+00
.2886654E+01 .2576148E+01 .2382244E+01 .2253021E+01 .2247997E+01
.2287907E+01 .1265174E+01 .1175171E+01 .1188075E+01 .1278834E+01
.4322308E+00 .7981755E+00 .9110726E+00 .9101256E+00 .9374778E+00
.3281739E+01 .2505447E+01 .2312784E+01 .2204676E+01 .2208330E+01
.2482391E+01 .1295905E+01 .1174004E+01 .1184312E+01 .1195376E+01
.5046191E+00 .8407681E+00 .9213972E+00 .9158083E+00 .9562197E+00
.3294036E+01 .2404149E+01 .2254792E+01 .2164792E+01 .2161902E+01
.2414931E+01 .1272123E+01 .1170495E+01 .1178116E+01 .1137043E+01
.5784786E+00 .8553097E+00 .9286838E+00 .9208615E+00 .9653827E+00
